22
26
37
65
89
92
94
96
104
105
110
112
117
120
141
153
158
158
165
197
198
199
211
215
228
229
237
308
335
335
367
368
391
411
418
421
421
433
447
449
470
485
523
525
553
555
557
574
594
627
633
639
642
666
680
692
692
695
697
722
726
740
749
758
760
764
777
795
795
800
800
805
814
820
820
823
829
835
842
851
880
885
885
894
901
905
913
920
931
947
955
964
994
997
1001
1001
1003
1020
1021
1024
1032
1042
1042
1066
1074
1092
1095
1114
1115
1117
1122
1131
1132
1133
1137
1141
1141
1147
1152
1169
1181
1189
1189
1223
1230
1240
1266
1289
1303
1336
1339
1339
1344
1344
1348
1381
1384
1385
1406
1416
1439
1451
1465
1470
1482
1484
1504
1507
1515
1525
1538
1561
1561
1578
1583
1585
1593
1596
1609
1622
1634
1643
1676
1681
1682
1711
1719
1735
1743
1759
1763
1765
1766
1783
1794
1796
1798
1801
1804
1820
1829
1842
1844
1853
1853
1853
1857
1861
1863
1868
1874
1875
1877
1890
1916
1917
1918
1933
1938
1944
1951
1961
1963
1976
1986
1994
1994
1998
2001
2005
2035
2044
2075
2078
2081
2096
2118
2141
2144
2145
2158
2162
2180
2183
2189
2207
2214
2215
2225
2234
2245
2254
2260
2301
2311
2320
2322
2322
2324
2332
2363
2366
2391
2394
2431
2472
2478
2495
2511
2513
2514
2516
2524
2526
2533
2547
2551
2555
2592
2593
2604
2620
2639
2640
2642
2649
2649
2663
2679
2683
2700
2715
2721
2722
2726
2732
2733
2734
2763
2767
2776
2779
2792
2803
2814
2840
2848
2852
2860
2864
2865
2867
2869
2878
2896
2896
2900
2902
2908
2956
2980
3008
3017
3018
3022
3034
3041
3069
3070
3075
3106
3122
3129
3130
3130
3131
3166
3181
3183
3190
3196
3200
3208
3230
3240
3244
3248
3253
3255
3257
3286
3294
3298
3310
3322
3335
3336
3336
3353
3355
3368
3376
3383
3384
3394
3400
3416
3417
3418
3421
3438
3462
3471
3484
3485
3488
3492
3502
3519
3528
3530
3544
3563
3565
3605
3607
3609
3632
3633
3637
3645
3646
3649
3673
3673
3678
3683
3694
3695
3715
3716
3736
3740
3750
3762
3774
3796
3799
3810
3811
3838
3867
3880
3891
3903
3925
3944
3946
3959
3961
3964
3965
3967
3970
3974
3982
3989
3993
4012
4034
4039
4043
4051
4054
4054
4067
4068
4068
4069
4070
4077
4080
4082
4105
4111
4152
4168
4173
4174
4205
4212
4220
4258
4269
4271
4273
4287
4289
4296
4299
4300
4301
4312
4331
4338
4342
4360
4369
4390
4393
4426
4434
4435
4441
4448
4460
4463
4483
4492
4493
4504
4508
4518
4528
4530
4536
4538
4546
4561
4565
4581
4603
4617
4622
4623
4627
4664
4689
4689
4692
4700
4702
4703
4711
4726
4744
4745
4758
4788
4815
4819
4830
4845
4876
4893
4899
4902
4903
4904
4906
4915
4934
4942
4945
4952
4970
4972
4979
4996
4998
5009
5014
5015
5037
5056
5086
5106
5110
5126
5127
5150
5151
5153
5168
5176
5182
5194
5197
5212
5226
5227
5238
5246
5263
5279
5296
5304
5305
5320
5322
5327
5330
5332
5351
5353
5370
5373
5386
5395
5399
5400
5424
5447
5461
5468
5473
5476
5482
5492
5502
5531
5563
5586
5601
5604
5618
5646
5666
5668
5688
5689
5692
5694
5697
5708
5713
5714
5738
5739
5740
5743
5746
5775
5793
5796
5810
5814
5819
5819
5842
5843
5845
5870
5875
5875
5878
5881
5886
5903
5905
5916
5917
5921
5928
5935
5964
5990
5993
5998
6011
6022
6033
6044
6046
6054
6055
6064
6092
6095
6107
6110
6110
6120
6126
6128
6137
6153
6161
6164
6181
6188
6209
6214
6233
6240
6242
6249
6259
6270
6314
6322
6324
6336
6349
6355
6405
6414
6415
6419
6420
6427
6447
6449
6455
6458
6460
6505
6509
6510
6511
6512
6518
6521
6553
6587
6595
6600
6605
6623
6625
6631
6634
6644
6667
6674
6684
6691
6702
6702
6705
6722
6727
6731
6731
6732
6744
6747
6747
6753
6767
6798
6817
6831
6836
6839
6855
6869
6883
6884
6900
6904
6905
6912
6919
6925
6928
6935
6945
6961
6965
6971
6982
6990
6994
7011
7037
7040
7044
7049
7071
7076
7083
7088
7098
7098
7111
7122
7149
7157
7157
7190
7192
7193
7195
7202
7206
7228
7239
7240
7240
7250
7259
7260
7264
7265
7274
7290
7293
7320
7339
7348
7359
7402
7414
7434
7434
7438
7449
7454
7460
7471
7472
7479
7510
7513
7514
7583
7617
7617
7624
7658
7659
7661
7676
7689
7690
7691
7692
7726
7728
7732
7748
7752
7765
7774
7781
7783
7784
7795
7799
7808
7818
7821
7822
7828
7834
7860
7866
7885
7896
7921
7924
7933
7933
7937
7965
7969
7976
8003
8005
8014
8025
8035
8044
8049
8063
8066
8068
8132
8142
8156
8160
8170
8188
8194
8195
8216
8229
8236
8237
8269
8284
8293
8337
8352
8365
8375
8376
8383
8385
8394
8399
8400
8406
8408
8427
8428
8432
8448
8456
8467
8485
8488
8510
8527
8545
8554
8556
8556
8562
8570
8579
8580
8598
8621
8624
8630
8652
8690
8701
8712
8723
8772
8780
8795
8799
8802
8816
8827
8842
8865
8879
8884
8885
8887
8891
8893
8899
8899
8906
8912
8920
8924
8930
8935
8936
8946
8984
8984
8993
9014
9017
9031
9041
9049
9060
9068
9091
9092
9105
9109
9134
9135
9137
9184
9216
9229
9235
9245
9265
9284
9324
9343
9369
9392
9403
9424
9430
9441
9441
9469
9469
9475
9505
9512
9535
9557
9568
9571
9574
9591
9605
9617
9618
9619
9627
9635
9637
9642
9650
9651
9667
9669
9683
9689
9689
9714
9715
9724
9748
9756
9788
9791
9803
9810
9830
9845
9852
9876
9913
9918
9919
9919
9920
9925
9928
9967
9974
9984
9990
9993
10003
10013
10035
10060
10072
10088
10105
10107
10113
10116
10134
10140
10158
10163
10172
10183
10202
10204
10212
10231
10239
10309
10317
10317
10346
10360
10364
10377
10378
10387
10397
10404
10413
10425
10454
10455
10465
10486
10488
10503
10504
10504
10505
10535
10540
10578
10585
10591
10593
10593
10608
10647
10648
10650
10661
10667
10670
10679
10715
10717
10724
10735
10741
10745
10763
10771
10782
10794
10800
10834
10835
10840
10851
10861
10862
10868
10873
10875
10877
10879
10880
10892
10913
10915
10931
10938
10947
10955
10957
10975
10982
10987
10995
11024
11030
11048
11065
11088
11113
11144
11145
11156
11161
11179
11181
11204
11206
11212
11214
11215
11224
11240
11252
11253
11283
11302
11310
11323
11337
11338
11342
11346
11361
11362
11370
11377
11386
11395
11410
11418
11422
11436
11440
11446
11448
11463
11470
11481
11494
11495
11495
11496
11507
11554
11568
11589
11614
11618
11619
11633
11670
11718
11734
11736
11737
11745
11749
11754
11755
11760
11761
11782
11792
11797
11800
11804
11824
11851
11889
11893
11918
11922
11938
11949
11949
11956
11981
11983
11989
11992
11993
11998
12017
12020
12021
12024
12044
12046
12052
12053
12061
12064
12077
12084
12105
12123
12129
12133
12146
12151
12230
12231
12242
12242
12263
12264
12267
12269
12281
12299
12339
12349
12350
12351
12362
12382
12394
12397
12401
12403
12406
12441
12442
12473
12473
12474
12487
12503
12507
12510
12515
12515
12517
12521
12531
12557
12565
12567
12568
12574
12631
12637
12654
12662
12669
12675
12681
12686
12706
12730
12737
12747
12776
12788
12799
12813
12836
12840
12843
12851
12854
12872
12876
12876
12903
12912
12916
12937
12941
12946
12946
12948
12948
12951
12962
12962
12969
12970
12974
12992
13006
13014
13021
13033
13056
13090
13103
13111
13116
13117
13144
13151
13156
13188
13189
13204
13213
13242
13246
13279
13280
13287
13292
13302
13318
13325
13327
13342
13354
13355
13358
13371
13382
13395
13406
13416
13431
13434
13445
13461
13464
13470
13472
13499
13499
13510
13511
13511
13512
13528
13538
13541
13545
13551
13586
13587
13602
13603
13614
13642
13646
13675
13698
13714
13716
13730
13757
13766
13769
13798
13801
13808
13808
13810
13830
13839
13847
13874
13880
13892
13932
13935
13951
13959
13966
13967
13970
13984
13985
14001
14031
14049
14053
14053
14055
14064
14080
14091
14098
14103
14122
14133
14156
14186
14196
14220
14221
14244
14246
14303
14313
14320
14349
14355
14372
14403
14404
14436
14451
14454
14455
14459
14461
14469
14490
14491
14507
14533
14557
14564
14582
14584
14586
14589
14589
14592
14622
14643
14644
14669
14670
14677
14683
14694
14711
14711
14722
14739
14751
14757
14760
14776
14806
14826
14852
14879
14881
14901
14914
14914
14915
14915
14935
14961
14963
14967
14970
14975
14986
14989
14994
15026
15027
15028
15042
15044
15047
15060
15070
15085
15094
15118
15123
15128
15129
15142
15151
15161
15163
15168
15178
15183
15185
15187
15204
15209
15211
15228
15251
15253
15254
15254
15274
15288
15303
15313
15314
15316
15351
15364
15379
15385
15398
15399
15404
15420
15421
15422
15428
15429
15450
15459
15488
15489
15492
15505
15507
15524
15533
15540
15543
15554
15571
15572
15572
15580
15591
15593
15610
15612
15646
15688
15694
15704
15729
15731
15734
15767
15768
15769
15776
15778
15786
15804
15806
15809
15826
15845
15854
15861
15868
15872
15873
15874
15877
15880
15881
15883
15890
15891
15926
15934
15949
15970
15989
16015
16024
16027
16030
16045
16059
16137
16148
16150
16167
16193
16222
16223
16231
16232
16264
16285
16286
16295
16297
16305
16311
16315
16333
16336
16342
16351
16359
16365
16377
16391
16391
16408
16417
16417
16432
16443
16443
16444
16452
16457
16463
16468
16498
16507
16508
16510
16539
16539
16542
16555
16564
16567
16573
16578
16580
16635
16692
16737
16744
16748
16763
16780
16796
16813
16848
16854
16865
16868
16885
16890
16894
16894
16899
16916
16926
16932
16957
16974
16992
17009
17021
17023
17030
17033
17037
17071
17074
17080
17088
17106
17121
17122
17137
17137
17149
17154
17166
17167
17177
17186
17189
17194
17224
17241
17254
17258
17262
17262
17265
17271
17272
17286
17315
17325
17346
17354
17360
17369
17371
17375
17384
17407
17423
17425
17430
17464
17464
17470
17479
17501
17501
17506
17523
17526
17537
17538
17541
17557
17557
17565
17569
17571
17590
17590
17593
17594
17595
17598
17607
17626
17633
17647
17652
17676
17677
17688
17690
17695
17699
17713
17722
17737
17759
17764
17764
17766
17771
17772
17802
17815
17820
17821
17823
17843
17845
17853
17863
17873
17886
17887
17893
17898
17907
17920
17924
17930
17931
17966
17985
17987
17998
17999
18007
18008
18011
18013
18031
18035
18035
18037
18039
18061
18069
18089
18096
18109
18112
18116
18121
18124
18139
18142
18153
18154
18170
18202
18212
18220
18255
18258
18262
18271
18291
18298
18303
18316
18316
18325
18335
18337
18358
18420
18454
18457
18463
18477
18481
18486
18505
18507
18523
18549
18550
18563
18574
18581
18585
18602
18609
18615
18651
18659
18665
18670
18673
18689
18700
18703
18709
18726
18726
18739
18743
18745
18764
18787
18787
18794
18799
18799
18829
18836
18900
18901
18908
18914
18944
18988
18993
19005
19017
19021
19025
19025
19071
19080
19090
19101
19128
19152
19156
19161
19169
19179
19196
19199
19202
19210
19214
19217
19218
19220
19221
19232
19264
19275
19309
19312
19313
19315
19322
19333
19334
19366
19377
19383
19395
19407
19407
19423
19450
19452
19464
19470
19477
19487
19503
19522
19536
19539
19541
19542
19551
19557
19560
19565
19570
19572
19576
19579
19581
19604
19622
19642
19648
19654
19656
19658
19659
19663
19686
19702
19712
19715
19748
19751
19752
19760
19762
19764
19771
19775
19793
19796
19797
19829
19842
19852
19858
19860
19864
19876
19885
19903
19905
19917
19970
19975
19977
19983
20003
20030
20035
20035
20094
20102
20116
20118
20131
20131
20133
20138
20142
20147
20173
20182
20191
20207
20207
20213
20227
20241
20274
20274
20285
20290
20295
20315
20328
20328
20329
20339
20350
20362
20367
20367
20371
20378
20382
20388
20393
20396
20399
20403
20405
20437
20452
20463
20466
20469
20472
20484
20500
20507
20518
20523
20531
20536
20545
20555
20560
20565
20572
20573
20579
20581
20583
20598
20604
20612
20642
20650
20666
20682
20692
20707
20748
20768
20771
20796
20810
20822
20827
20848
20861
20869
20877
20882
20883
20883
20895
20901
20906
20906
20908
20922
20953
20956
20979
20982
21006
21018
21019
21019
21021
21046
21055
21071
21073
21096
21105
21106
21131
21140
21142
21170
21171
21183
21187
21218
21243
21276
21282
21296
21302
21335
21339
21347
21350
21363
21365
21375
21376
21390
21396
21408
21412
21417
21423
21425
21425
21426
21428
21428
21455
21458
21486
21527
21528
21530
21533
21557
21561
21563
21566
21580
21592
21599
21607
21613
21621
21644
21661
21684
21692
21730
21738
21745
21746
21777
21797
21798
21799
21801
21802
21813
21841
21844
21879
21882
21884
21921
21935
21951
21970
21975
22000
22014
22018
22023
22095
22107
22126
22128
22130
22140
22167
22181
22188
22190
22199
22201
22201
22227
22229
22235
22239
22266
22306
22307
22307
22313
22314
22339
22341
22349
22373
22381
22388
22399
22411
22442
22444
22456
22461
22466
22482
22496
22506
22516
22520
22521
22532
22536
22553
22559
22582
22599
22601
22606
22623
22625
22626
22639
22653
22657
22673
22680
22680
22692
22695
22709
22718
22723
22733
22749
22755
22767
22770
22796
22810
22819
22823
22824
22826
22827
22836
22836
22840
22848
22892
22947
22956
22960
22969
23000
23000
23002
23011
23027
23036
23039
23040
23043
23053
23070
23079
23105
23112
23114
23178
23180
23196
23209
23217
23224
23234
23239
23242
23262
23269
23271
23278
23283
23283
23283
23290
23290
23304
23304
23310
23322
23332
23335
23349
23370
23392
23413
23418
23419
23435
23436
23436
23441
23442
23456
23456
23457
23457
23458
23484
23503
23505
23507
23508
23514
23516
23523
23525
23526
23531
23543
23547
23556
23557
23560
23571
23588
23609
23633
23634
23637
23655
23658
23670
23677
23678
23695
23704
23715
23745
23759
23766
23772
23775
23779
23780
23780
23783
23793
23810
23812
23813
23822
23825
23838
23849
23856
23861
23862
23877
23877
23882
23885
23893
23899
23902
23923
23923
23929
23930
23934
23954
23956
23964
23978
23997
24021
24058
24070
24073
24084
24089
24091
24102
24112
24118
24119
24130
24130
24139
24154
24158
24169
24180
24198
24236
24237
24239
24251
24265
24273
24282
24284
24291
24291
24306
24314
24316
24352
24374
24376
24383
24388
24393
24396
24404
24426
24427
24443
24457
24476
24493
24507
24522
24541
24541
24543
24544
24553
24567
24571
24585
24587
24593
24597
24603
24618
24619
24621
24632
24644
24659
24672
24677
24679
24730
24731
24742
24764
24774
24775
24789
24795
24801
24806
24806
24807
24814
24821
24823
24827
24828
24829
24857
24860
24895
24904
24910
24918
24919
24922
24925
24926
24933
24951
24953
24967
24968
24976
24990
25004
25013
25016
25026
25043
25048
25049
25062
25074
25077
25117
25126
25149
25153
25156
25190
25191
25207
25207
25231
25236
25239
25249
25274
25278
25282
25306
25320
25328
25345
25347
25358
25368
25373
25378
25395
25423
25427
25431
25457
25461
25491
25513
25515
25525
25528
25536
25538
25541
25549
25560
25575
25591
25594
25604
25618
25620
25621
25622
25625
25626
25630
25638
25649
25651
25652
25668
25680
25695
25717
25752
25764
25770
25770
25771
25771
25777
25794
25799
25801
25802
25805
25815
25816
25825
25843
25846
25872
25875
25891
25928
25931
25935
25966
25974
25985
26018
26020
26038
26042
26059
26078
26084
26093
26105
26106
26114
26138
26156
26163
26175
26180
26187
26207
26216
26219
26223
26238
26262
26274
26276
26295
26295
26296
26303
26312
26316
26328
26337
26347
26361
26362
26368
26395
26404
26426
26426
26428
26428
26428
26428
26432
26461
26469
26475
26482
26494
26495
26498
26502
26509
26510
26510
26517
26521
26524
26534
26537
26549
26575
26576
26582
26611
26658
26664
26666
26671
26683
26684
26685
26686
26701
26712
26713
26713
26726
26747
26747
26774
26783
26787
26789
26801
26820
26822
26829
26850
26852
26865
26877
26892
26904
26904
26910
26914
26935
26936
26959
26969
26970
26971
26991
27009
27013
27015
27041
27041
27056
27090
27119
27135
27139
27144
27145
27150
27154
27170
27173
27179
27193
27223
27227
27232
27247
27259
27263
27264
27266
27295
27311
27318
27323
27323
27329
27357
27376
27387
27400
27422
27424
27439
27441
27465
27478
27479
27490
27492
27503
27503
27511
27538
27565
27570
27592
27592
27599
27608
27614
27615
27622
27623
27635
27661
27696
27714
27753
27781
27801
27803
27804
27806
27812
27824
27833
27835
27841
27850
27852
27868
27875
27882
27884
27891
27893
27908
27909
27918
27921
27950
27960
27967
27972
27982
27985
27985
27997
28011
28034
28051
28078
28101
28106
28121
28140
28141
28165
28194
28195
28197
28200
28215
28222
28223
28231
28233
28256
28257
28265
28266
28272
28283
28290
28309
28309
28309
28316
28331
28335
28346
28350
28365
28391
28398
28399
28401
28405
28412
28416
28425
28428
28437
28437
28472
28482
28486
28490
28522
28539
28568
28583
28596
28596
28603
28607
28618
28632
28633
28670
28675
28677
28704
28711
28718
28724
28734
28761
28767
28771
28792
28796
28808
28818
28819
28821
28835
28844
28875
28877
28878
28878
28886
28917
28932
28936
28946
28956
28960
28977
28979
28980
28992
28994
28996
29024
29036
29038
29040
29043
29059
29073
29090
29104
29104
29120
29120
29132
29136
29149
29156
29195
29206
29210
29220
29222
29257
29263
29277
29284
29297
29309
29313
29327
29329
29330
29345
29377
29385
29392
29394
29432
29442
29447
29456
29462
29492
29496
29499
29500
29516
29519
29519
29522
29530
29543
29550
29551
29560
29561
29566
29567
29585
29597
29615
29617
29623
29637
29647
29656
29658
29666
29678
29685
29702
29711
29717
29721
29723
29726
29735
29740
29763
29766
29767
29780
29796
29803
29813
29827
29839
29848
29850
29856
29861
29863
29911
29911
29912
29913
29918
29919
29926
29928
29929
29941
29941
29944
29947
30001
30011
30017
30029
30033
30087
30099
30107
30125
30143
30147
30155
30159
30204
30218
30232
30233
30234
30240
30241
30242
30248
30279
30296
30303
30320
30327
30367
30368
30374
30381
30404
30410
30432
30437
30442
30446
30446
30450
30450
30453
30455
30459
30460
30495
30504
30516
30521
30524
30534
30542
30547
30582
30588
30609
30611
30616
30623
30641
30643
30645
30652
30656
30694
30708
30742
30772
30772
30780
30784
30787
30792
30794
30800
30801
30815
30815
30830
30842
30847
30847
30852
30872
30875
30889
30895
30896
30910
30915
30946
30949
30955
30971
30975
31005
31006
31009
31012
31014
31025
31027
31043
31068
31087
31088
31106
31113
31114
31116
31116
31123
31146
31162
31169
31197
31205
31209
31217
31231
31252
31254
31268
31270
31284
31287
31294
31304
31311
31316
31342
31345
31347
31362
31374
31378
31379
31403
31407
31448
31458
31460
31481
31482
31485
31510
31518
31524
31536
31566
31605
31614
31628
31629
31644
31648
31657
31666
31678
31679
31682
31739
31762
31768
31782
31794
31804
31805
31810
31816
31817
31818
31853
31854
31856
31856
31872
31885
31909
31927
31934
31934
31962
31962
31964
31984
31998
32004
32053
32067
32069
32070
32077
32099
32103
32116
32118
32140
32147
32148
32167
32168
32191
32202
32205
32211
32242
32243
32257
32272
32307
32314
32316
32319
32322
32324
32343
32363
32389
32389
32406
32415
32419
32425
32440
32445
32449
32458
32488
32504
32513
32516
32517
32538
32541
32559
32560
32578
32587
32599
32605
32614
32639
32651
32677
32700
32701
32701
32701
32721
32729
32742
32764
32766
32780
32787
32798
32810
32811
32830
32832
32843
32854
32855
32859
32868
32871
32878
32879
32881
32912
32922
32925
32927
32931
32946
32968
32993
33008
33016
33027
33051
33057
33060
33065
33065
33067
33070
33076
33085
33104
33109
33119
33130
33136
33136
33142
33159
33174
33183
33201
33207
33207
33209
33240
33248
33252
33252
33256
33263
33269
33295
33302
33307
33308
33314
33323
33341
33351
33368
33373
33381
33383
33405
33419
33428
33434
33442
33446
33449
33476
33487
33496
33496
33505
33514
33541
33566
33575
33594
33607
33610
33612
33618
33645
33649
33685
33691
33712
33716
33724
33751
33764
33769
33774
33789
33849
33851
33865
33865
33870
33876
33877
33879
33883
33884
33891
33903
33908
33912
33929
33955
33964
33971
33986
33987
34002
34009
34012
34045
34049
34073
34078
34079
34097
34099
34101
34110
34132
34138
34145
34170
34177
34197
34199
34202
34213
34229
34245
34260
34263
34270
34270
34270
34280
34283
34290
34295
34298
34307
34316
34320
34327
34343
34349
34379
34409
34418
34418
34449
34457
34463
34464
34464
34489
34514
34518
34542
34545
34551
34559
34573
34573
34610
34628
34632
34634
34664
34675
34681
34684
34690
34713
34718
34758
34762
34773
34781
34784
34797
34802
34818
34830
34830
34833
34847
34858
34865
34870
34876
34885
34886
34887
34920
34933
34940
34942
34972
34983
34989
34990
35002
35006
35018
35018
35021
35039
35040
35046
35051
35055
35057
35066
35075
35083
35088
35088
35097
35111
35122
35125
35143
35146
35157
35160
35162
35168
35208
35209
35213
35216
35225
35227
35233
35238
35242
35246
35281
35302
35338
35343
35347
35349
35355
35357
35369
35405
35406
35424
35428
35428
35450
35474
35483
35484
35490
35492
35509
35522
35530
35534
35541
35560
35574
35580
35585
35585
35592
35601
35608
35624
35633
35636
35641
35649
35659
35660
35665
35668
35670
35673
35681
35682
35692
35693
35701
35728
35728
35738
35740
35742
35746
35784
35813
35836
35841
35843
35854
35865
35868
35869
35877
35878
35889
35893
35918
35927
35930
35936
35950
35954
35954
35956
35976
35993
35998
35999
36013
36029
36043
36050
36052
36066
36112
36115
36119
36124
36141
36165
36168
36176
36200
36200
36211
36242
36261
36268
36279
36285
36310
36315
36334
36396
36398
36403
36415
36440
36467
36472
36477
36492
36499
36507
36518
36549
36558
36564
36568
36577
36584
36600
36616
36633
36636
36639
36655
36668
36710
36721
36746
36752
36754
36818
36827
36869
36885
36887
36900
36908
36908
36934
36934
36935
36954
36957
36962
36968
36975
37002
37008
37009
37028
37031
37037
37057
37065
37073
37081
37082
37085
37094
37111
37116
37124
37126
37132
37133
37159
37162
37169
37182
37185
37194
37201
37228
37232
37268
37283
37284
37306
37315
37316
37331
37349
37354
37377
37378
37380
37407
37426
37439
37449
37450
37467
37468
37471
37471
37477
37480
37487
37498
37511
37512
37518
37519
37521
37525
37529
37529
37537
37546
37553
37568
37571
37572
37589
37599
37626
37643
37645
37670
37672
37675
37689
37714
37718
37719
37720
37722
37731
37748
37750
37801
37807
37831
37838
37839
37843
37844
37846
37857
37863
37869
37871
37871
37871
37879
37880
37884
37887
37891
37891
37898
37903
37905
37910
37912
37914
37918
37919
37923
37938
37953
37965
37979
37988
38003
38020
38033
38039
38041
38051
38051
38079
38084
38090
38108
38113
38118
38129
38147
38163
38180
38181
38203
38203
38206
38215
38222
38256
38261
38262
38266
38286
38288
38312
38333
38334
38336
38357
38358
38359
38374
38381
38385
38388
38406
38409
38412
38416
38416
38433
38457
38467
38468
38487
38507
38510
38523
38546
38561
38572
38576
38576
38578
38591
38592
38611
38624
38624
38626
38642
38648
38655
38657
38663
38714
38722
38741
38745
38745
38765
38766
38792
38803
38809
38811
38818
38836
38836
38850
38853
38860
38879
38883
38888
38893
38896
38913
38920
38924
38940
38951
38962
38989
39002
39016
39025
39028
39034
39038
39042
39046
39071
39082
39084
39121
39128
39158
39166
39168
39183
39195
39195
39262
39294
39315
39316
39318
39320
39321
39322
39325
39335
39337
39343
39354
39363
39373
39379
39380
39388
39396
39410
39415
39418
39436
39437
39450
39453
39457
39471
39471
39478
39479
39509
39510
39518
39520
39521
39525
39528
39539
39541
39548
39550
39550
39550
39583
39603
39610
39620
39620
39624
39637
39648
39655
39692
39695
39706
39710
39716
39726
39734
39743
39744
39755
39760
39765
39777
39794
39849
39854
39859
39903
39916
39916
39928
39934
39942
39952
39956
39958
39966
39970
39974
39977
39980
39981
39988
40008
40019
40020
40025
40033
40048
40078
40111
40114
40122
40130
40135
40143
40147
40163
40167
40182
40222
40241
40246
40266
40271
40291
40295
40300
40306
40317
40322
40324
40331
40335
40342
40347
40374
40409
40417
40433
40445
40454
40468
40474
40503
40513
40514
40516
40523
40525
40530
40539
40549
40570
40575
40578
40585
40589
40591
40628
40633
40633
40656
40673
40681
40695
40703
40714
40740
40744
40754
40789
40799
40800
40802
40806
40812
40815
40823
40835
40850
40865
40868
40898
40898
40901
40903
40921
40959
40961
40970
40971
40975
40997
41019
41026
41029
41042
41046
41049
41054
41058
41069
41072
41081
41090
41100
41115
41121
41131
41132
41134
41146
41147
41166
41176
41182
41188
41189
41196
41197
41218
41224
41226
41228
41241
41242
41253
41262
41298
41312
41322
41337
41348
41362
41363
41364
41375
41377
41379
41383
41390
41413
41454
41458
41461
41471
41492
41493
41494
41495
41503
41504
41509
41512
41512
41519
41546
41549
41550
41551
41554
41555
41555
41557
41579
41596
41602
41618
41625
41626
41632
41634
41636
41653
41664
41664
41666
41668
41680
41703
41703
41706
41740
41768
41785
41787
41798
41800
41801
41802
41804
41814
41817
41853
41860
41862
41868
41871
41882
41883
41889
41892
41905
41920
41922
41933
41937
41939
41940
41944
41951
41974
41975
41988
42027
42033
42050
42059
42088
42101
42103
42127
42134
42144
42146
42147
42153
42167
42169
42203
42204
42209
42223
42232
42247
42256
42264
42274
42277
42297
42309
42310
42312
42312
42321
42328
42333
42345
42351
42359
42374
42382
42388
42414
42433
42438
42439
42444
42447
42451
42461
42468
42470
42493
42504
42508
42515
42519
42535
42537
42544
42568
42573
42580
42597
42601
42611
42622
42635
42637
42648
42657
42659
42669
42675
42689
42694
42711
42722
42744
42745
42754
42756
42760
42765
42780
42788
42809
42839
42843
42848
42852
42862
42863
42865
42872
42881
42889
42893
42896
42933
42952
42958
42980
42981
42992
43019
43023
43036
43041
43057
43060
43065
43072
43086
43090
43094
43098
43100
43102
43102
43109
43112
43134
43158
43163
43176
43185
43187
43188
43189
43230
43238
43240
43243
43250
43252
43260
43268
43281
43288
43297
43316
43321
43331
43340
43362
43378
43381
43387
43391
43395
43398
43417
43428
43458
43458
43460
43466
43472
43502
43508
43512
43521
43531
43539
43559
43562
43562
43575
43580
43590
43592
43628
43634
43644
43653
43655
43678
43683
43692
43693
43718
43719
43729
43729
43735
43746
43763
43785
43792
43802
43817
43819
43822
43823
43834
43837
43863
43868
43876
43881
43902
43930
43931
43954
43958
43960
43961
43972
43977
44033
44041
44050
44056
44065
44069
44082
44082
44107
44125
44164
44178
44193
44210
44213
44214
44243
44249
44253
44257
44265
44271
44275
44279
44283
44291
44311
44332
44377
44389
44425
44436
44487
44493
44501
44509
44521
44537
44579
44589
44591
44592
44595
44610
44610
44612
44623
44635
44649
44650
44692
44695
44710
44732
44735
44738
44745
44753
44767
44773
44794
44799
44803
44826
44846
44847
44866
44870
44871
44878
44882
44888
44889
44897
44902
44930
44960
44967
44999
45007
45010
45012
45020
45023
45024
45031
45052
45063
45067
45087
45092
45102
45102
45134
45149
45151
45165
45172
45188
45192
45196
45198
45210
45225
45250
45266
45267
45283
45301
45310
45314
45315
45327
45332
45342
45344
45345
45348
45361
45362
45385
45395
45398
45399
45399
45401
45405
45425
45425
45429
45433
45444
45453
45456
45463
45471
45474
45491
45503
45508
45517
45521
45523
45545
45547
45571
45572
45643
45647
45669
45674
45680
45685
45686
45694
45695
45695
45716
45720
45725
45728
45736
45759
45765
45768
45779
45811
45828
45837
45845
45861
45863
45897
45904
45913
45920
45942
45952
45971
46012
46015
46015
46018
46019
46023
46029
46037
46044
46067
46083
46085
46098
46104
46148
46160
46168
46172
46179
46187
46196
46201
46230
46253
46253
46256
46277
46290
46301
46308
46350
46371
46374
46407
46421
46421
46437
46455
46461
46466
46467
46468
46491
46498
46501
46502
46513
46555
46573
46577
46578
46586
46599
46602
46617
46623
46631
46632
46632
46634
46640
46640
46643
46653
46658
46662
46669
46677
46682
46701
46713
46719
46720
46722
46726
46732
46746
46748
46768
46782
46786
46788
46790
46798
46817
46821
46837
46843
46843
46850
46850
46852
46858
46860
46863
46864
46865
46893
46907
46919
46933
46943
46956
46966
46979
46986
46987
46992
46998
47000
47006
47026
47030
47033
47054
47056
47079
47089
47109
47117
47144
47144
47158
47161
47179
47182
47211
47235
47246
47247
47255
47260
47270
47280
47287
47290
47317
47340
47351
47353
47371
47380
47386
47388
47405
47416
47430
47449
47450
47453
47455
47460
47467
47481
47494
47496
47514
47526
47567
47570
47571
47573
47586
47588
47604
47612
47617
47619
47630
47635
47641
47644
47669
47674
47690
47704
47712
47714
47719
47724
47724
47750
47779
47786
47790
47794
47802
47806
47826
47843
47845
47854
47873
47879
47879
47884
47890
47898
47901
47907
47909
47910
47911
47915
47918
47923
47928
47930
47938
47945
47960
47965
47976
47979
47984
47986
47999
47999
48008
48066
48071
48078
48107
48107
48110
48113
48119
48127
48131
48134
48154
48156
48160
48164
48171
48177
48179
48180
48192
48208
48225
48227
48230
48238
48246
48251
48269
48277
48279
48284
48288
48310
48336
48352
48353
48356
48397
48404
48413
48433
48439
48444
48449
48463
48483
48489
48503
48505
48508
48526
48534
48534
48536
48545
48552
48561
48575
48576
48581
48591
48605
48611
48621
48644
48647
48648
48653
48660
48671
48674
48687
48688
48692
48693
48711
48750
48761
48770
48779
48793
48807
48810
48827
48831
48853
48865
48873
48875
48882
48886
48886
48891
48896
48904
48905
48922
48928
48935
48938
48940
48976
48988
49003
49009
49023
49030
49037
49051
49096
49102
49104
49107
49111
49156
49163
49169
49192
49212
49242
49244
49292
49295
49298
49298
49298
49301
49301
49313
49318
49320
49332
49344
49355
49367
49381
49385
49389
49401
49406
49406
49411
49412
49425
49427
49504
49518
49545
49560
49568
49586
49587
49595
49595
49601
49604
49618
49632
49636
49648
49649
49650
49656
49661
49680
49699
49716
49739
49751
49772
49792
49806
49813
49819
49828
49831
49847
49848
49858
49867
49878
49881
49883
49898
49917
49923
49925
49949
49953
49954
49963
49969
49977
49979
49984
50007
50011
50012
50024
50025
50030
50039
50051
50052
50067
50080
50085
50090
50092
50107
50164
50167
50175
50216
50259
50266
50276
50277
50309
50309
50316
50334
50335
50343
50349
50356
50382
50394
50396
50415
50425
50450
50470
50471
50503
50549
50550
50559
50563
50583
50607
50612
50614
50641
50650
50653
50668
50668
50672
50713
50726
50731
50732
50751
50758
50769
50769
50781
50785
50787
50790
50799
50821
50824
50825
50832
50838
50845
50847
50883
50898
50901
50901
50914
50914
50919
50945
50953
50955
50957
50958
50962
50964
50974
50982
50984
50989
50991
50997
51014
51020
51027
51030
51035
51036
51049
51064
51065
51071
51071
51073
51073
51075
51114
51144
51185
51193
51205
51272
51305
51325
51342
51351
51355
51360
51374
51381
51392
51439
51441
51449
51450
51462
51475
51476
51477
51479
51487
51489
51492
51506
51513
51533
51534
51549
51553
51562
51565
51580
51595
51603
51604
51624
51625
51628
51637
51641
51642
51658
51682
51687
51688
51691
51700
51707
51717
51733
51734
51736
51758
51771
51783
51783
51791
51799
51815
51816
51842
51847
51855
51883
51893
51898
51909
51910
51931
51935
51938
51961
51968
51974
51978
51983
51986
52032
52036
52037
52046
52054
52057
52060
52060
52071
52074
52074
52082
52096
52115
52150
52165
52168
52178
52182
52189
52197
52198
52211
52215
52222
52232
52237
52253
52263
52266
52269
52270
52277
52293
52295
52303
52304
52316
52323
52326
52328
52330
52337
52353
52364
52375
52387
52390
52430
52462
52467
52472
52477
52485
52485
52489
52491
52494
52512
52513
52520
52526
52531
52547
52552
52563
52565
52568
52571
52572
52572
52573
52579
52591
52595
52596
52604
52609
52615
52616
52626
52628
52634
52656
52660
52675
52681
52719
52726
52737
52752
52758
52774
52788
52813
52835
52836
52845
52849
52851
52860
52866
52868
52873
52889
52895
52907
52918
52924
52928
52939
52942
52942
52943
52961
52965
52965
52995
53021
53035
53055
53064
53065
53089
53090
53098
53105
53106
53117
53124
53146
53160
53164
53167
53172
53189
53200
53209
53210
53217
53218
53240
53244
53248
53255
53263
53273
53295
53296
53304
53319
53320
53332
53334
53351
53353
53368
53378
53387
53394
53398
53405
53429
53435
53441
53445
53446
53450
53452
53453
53454
53462
53496
53498
53507
53538
53548
53550
53595
53605
53607
53609
53610
53627
53651
53678
53680
53686
53693
53701
53701
53716
53723
53758
53759
53771
53780
53793
53816
53819
53823
53833
53846
53852
53856
53868
53869
53902
53907
53910
53910
53912
53917
53918
53929
53957
53958
53970
53973
53986
54008
54011
54012
54044
54045
54049
54084
54085
54091
54095
54097
54112
54120
54123
54127
54152
54165
54171
54186
54199
54202
54206
54232
54239
54248
54252
54265
54269
54270
54290
54307
54330
54354
54360
54365
54393
54417
54420
54428
54448
54452
54459
54474
54475
54482
54492
54493
54494
54505
54511
54534
54552
54558
54572
54574
54575
54577
54594
54631
54635
54637
54648
54655
54663
54674
54678
54698
54720
54725
54732
54734
54740
54755
54763
54763
54788
54796
54803
54807
54807
54809
54836
54837
54839
54856
54859
54867
54869
54888
54888
54890
54894
54894
54901
54902
54915
54930
54930
54937
54956
54958
54973
54980
54993
55004
55010
55013
55028
55046
55057
55057
55057
55061
55081
55089
55103
55105
55116
55122
55130
55131
55133
55154
55159
55175
55182
55190
55190
55193
55193
55196
55205
55211
55233
55237
55239
55242
55242
55248
55289
55295
55313
55322
55335
55344
55358
55358
55370
55376
55392
55404
55406
55408
55409
55410
55416
55424
55430
55441
55450
55462
55462
55466
55466
55497
55506
55508
55514
55514
55542
55560
55573
55574
55587
55591
55620
55631
55645
55651
55662
55662
55663
55665
55677
55702
55729
55737
55760
55779
55782
55811
55817
55829
55829
55837
55838
55849
55857
55874
55880
55884
55889
55897
55906
55934
55940
55957
55962
55969
55976
55980
55986
55989
56005
56006
56019
56052
56053
56057
56059
56062
56073
56083
56083
56095
56103
56117
56132
56141
56164
56205
56206
56215
56229
56239
56241
56247
56250
56272
56273
56281
56289
56298
56305
56329
56330
56339
56343
56343
56357
56358
56386
56399
56404
56436
56449
56450
56456
56464
56468
56470
56483
56497
56498
56509
56510
56533
56535
56550
56550
56555
56568
56585
56600
56611
56617
56624
56631
56639
56657
56665
56669
56687
56704
56708
56714
56748
56767
56775
56781
56803
56811
56852
56861
56871
56880
56888
56902
56908
56918
56924
56924
56928
56944
56952
56958
56967
56974
56994
56996
57005
57016
57024
57025
57029
57038
57067
57067
57091
57104
57109
57111
57112
57115
57137
57138
57141
57142
57155
57157
57163
57168
57204
57210
57210
57224
57226
57230
57233
57233
57250
57259
57271
57279
57284
57290
57299
57301
57317
57321
57343
57346
57355
57388
57394
57395
57422
57424
57426
57427
57431
57450
57452
57456
57458
57460
57460
57464
57467
57470
57478
57487
57492
57492
57515
57518
57520
57528
57528
57530
57532
57533
57568
57584
57589
57592
57603
57612
57619
57619
57624
57635
57643
57656
57666
57671
57677
57695
57717
57720
57729
57730
57732
57741
57759
57760
57761
57763
57764
57764
57774
57777
57789
57800
57815
57820
57842
57850
57851
57853
57862
57870
57881
57884
57902
57918
57920
57923
57939
57967
57971
57972
57992
57994
57996
58008
58013
58023
58056
58057
58063
58064
58086
58107
58126
58144
58149
58167
58174
58185
58210
58213
58215
58233
58238
58243
58265
58273
58281
58287
58296
58296
58305
58311
58313
58353
58379
58385
58385
58386
58443
58450
58464
58485
58488
58497
58502
58504
58505
58505
58510
58516
58539
58540
58553
58569
58588
58608
58615
58619
58630
58644
58645
58661
58669
58679
58692
58703
58716
58747
58752
58757
58758
58759
58762
58764
58778
58780
58785
58793
58804
58812
58816
58818
58853
58863
58870
58873
58874
58889
58894
58903
58932
58948
58963
58964
58966
58974
58976
58983
58984
59000
59003
59003
59025
59026
59046
59050
59071
59073
59074
59076
59103
59104
59124
59153
59162
59194
59200
59203
59211
59219
59232
59235
59243
59251
59252
59257
59263
59280
59295
59317
59318
59320
59337
59357
59361
59373
59398
59401
59403
59407
59430
59439
59443
59448
59449
59477
59484
59484
59526
59527
59541
59544
59554
59584
59584
59585
59586
59609
59614
59614
59627
59633
59654
59656
59668
59678
59680
59686
59696
59696
59705
59716
59731
59731
59737
59754
59780
59799
59819
59820
59824
59833
59839
59842
59848
59852
59856
59863
59881
59892
59916
59924
59934
59939
59952
59954
59958
59968
59972
59974
59979
60018
60029
60039
60051
60057
60085
60087
60092
60103
60108
60108
60109
60173
60177
60181
60181
60264
60274
60284
60328
60333
60350
60355
60363
60363
60375
60384
60398
60400
60402
60422
60423
60425
60456
60462
60463
60465
60473
60478
60479
60484
60484
60484
60494
60494
60506
60507
60508
60538
60576
60597
60608
60618
60625
60631
60642
60660
60667
60677
60720
60735
60749
60749
60756
60768
60777
60784
60784
60793
60802
60807
60822
60835
60855
60863
60879
60893
60920
60940
60941
60951
60954
60960
60963
60968
60973
60989
60994
61002
61010
61012
61020
61032
61034
61035
61039
61039
61045
61066
61071
61077
61083
61085
61099
61121
61132
61132
61136
61139
61140
61143
61156
61191
61192
61200
61202
61208
61212
61222
61226
61241
61255
61263
61265
61269
61278
61279
61281
61289
61299
61303
61306
61315
61327
61331
61336
61383
61388
61412
61412
61434
61442
61446
61460
61467
61474
61488
61490
61516
61519
61524
61541
61551
61561
61572
61585
61586
61596
61598
61602
61646
61661
61663
61673
61676
61696
61703
61705
61735
61746
61746
61754
61765
61774
61777
61785
61796
61802
61802
61806
61821
61871
61933
61941
61957
61958
61986
61990
61992
62027
62029
62032
62036
62044
62048
62071
62082
62101
62105
62110
62113
62113
62135
62140
62158
62164
62165
62175
62190
62194
62221
62222
62236
62238
62253
62259
62269
62297
62304
62305
62318
62336
62346
62371
62389
62391
62392
62403
62431
62433
62434
62455
62465
62485
62486
62494
62504
62517
62531
62537
62537
62546
62552
62564
62572
62587
62614
62614
62620
62641
62643
62655
62690
62692
62718
62746
62749
62752
62766
62774
62787
62794
62806
62811
62816
62821
62830
62833
62837
62838
62848
62866
62873
62876
62886
62889
62894
62894
62907
62919
62920
62927
62935
62936
62952
62963
62977
62978
62978
62984
62991
63007
63015
63023
63049
63065
63073
63075
63077
63080
63114
63119
63146
63185
63243
63245
63252
63256
63263
63275
63283
63283
63307
63317
63334
63338
63342
63357
63357
63371
63377
63386
63386
63412
63422
63434
63437
63439
63457
63468
63472
63487
63488
63525
63537
63543
63557
63559
63566
63590
63629
63643
63652
63663
63663
63664
63688
63701
63704
63710
63719
63762
63774
63783
63817
63834
63835
63841
63842
63851
63851
63854
63859
63869
63877
63904
63909
63929
63930
63937
63944
63966
63974
63985
63988
64014
64017
64025
64028
64030
64036
64045
64057
64062
64069
64076
64087
64091
64095
64107
64116
64117
64139
64144
64151
64163
64178
64179
64191
64200
64205
64219
64226
64240
64240
64242
64252
64260
64262
64267
64267
64271
64301
64313
64349
64366
64409
64419
64426
64441
64448
64457
64460
64472
64484
64490
64515
64539
64552
64555
64557
64558
64558
64569
64577
64577
64582
64585
64588
64595
64616
64618
64622
64642
64652
64683
64686
64706
64707
64713
64714
64742
64743
64744
64754
64758
64759
64773
64775
64813
64822
64841
64847
64849
64874
64883
64889
64892
64896
64905
64934
64950
64974
64977
64985
64987
64993
64999
65010
65011
65013
65016
65021
65044
65052
65097
65097
65103
65108
65110
65112
65112
65116
65118
65128
65130
65131
65131
65142
65160
65176
65184
65193
65194
65202
65215
65219
65219
65231
65254
65260
65265
65269
65284
65298
65324
65351
65351
65357
65367
65369
65375
65380
65387
65392
65406
65411
65418
65423
65442
65451
65456
65467
65468
65481
65482
65488
65490
65510
65516
65521
65554
65558
65583
65594
65596
65598
65604
65608
65608
65610
65619
65623
65624
65630
65637
65644
65663
65665
65684
65694
65699
65706
65710
65712
65731
65737
65748
65756
65763
65763
65775
65786
65819
65836
65841
65868
65871
65877
65877
65880
65908
65910
65914
65944
65964
65969
66005
66024
66033
66037
66041
66060
66063
66083
66111
66117
66123
66134
66147
66149
66187
66213
66215
66218
66245
66255
66255
66259
66266
66267
66270
66271
66283
66284
66294
66333
66337
66341
66355
66370
66387
66389
66393
66398
66399
66409
66410
66437
66461
66469
66472
66484
66492
66497
66505
66507
66510
66529
66533
66544
66561
66563
66565
66585
66593
66610
66614
66614
66620
66620
66636
66637
66644
66648
66667
66674
66683
66683
66687
66700
66707
66714
66729
66731
66740
66744
66746
66758
66766
66784
66796
66801
66821
66824
66828
66837
66859
66875
66896
66922
66922
66926
66934
66960
66975
66982
66985
66990
66992
66995
67000
67000
67001
67009
67017
67034
67035
67038
67041
67047
67069
67071
67076
67076
67091
67115
67116
67129
67135
67140
67151
67154
67157
67167
67180
67193
67218
67220
67233
67270
67271
67287
67292
67294
67295
67297
67305
67314
67319
67340
67368
67368
67393
67395
67403
67420
67436
67439
67458
67463
67505
67525
67559
67560
67594
67622
67632
67655
67656
67677
67682
67716
67723
67724
67752
67754
67762
67773
67774
67780
67785
67793
67804
67817
67837
67859
67860
67875
67896
67915
67918
67929
67930
67931
67931
67943
67944
67954
67959
67970
67984
67998
68019
68028
68071
68078
68081
68093
68095
68098
68104
68106
68119
68126
68141
68160
68196
68217
68233
68246
68251
68272
68274
68279
68284
68292
68304
68304
68306
68315
68317
68319
68325
68333
68346
68349
68381
68386
68399
68421
68430
68431
68447
68457
68484
68484
68527
68551
68556
68559
68570
68574
68588
68590
68593
68648
68667
68671
68678
68693
68695
68695
68729
68737
68738
68744
68749
68753
68754
68769
68775
68775
68778
68799
68808
68823
68829
68843
68843
68856
68891
68902
68923
68949
68980
68993
69022
69028
69040
69045
69053
69057
69065
69070
69072
69078
69082
69096
69103
69125
69127
69142
69149
69161
69176
69183
69187
69196
69204
69232
69251
69257
69257
69258
69261
69269
69283
69292
69317
69323
69327
69331
69343
69353
69354
69369
69374
69391
69391
69401
69407
69409
69411
69414
69424
69429
69430
69434
69438
69438
69442
69496
69509
69515
69521
69522
69530
69534
69556
69559
69574
69575
69593
69601
69602
69609
69622
69627
69632
69637
69644
69647
69652
69677
69707
69711
69726
69733
69746
69748
69749
69761
69762
69774
69774
69778
69813
69816
69825
69846
69849
69869
69881
69884
69893
69895
69908
69931
69932
69939
69951
69956
69968
69974
69985
70001
70011
70012
70018
70021
70042
70049
70050
70076
70078
70088
70096
70129
70148
70153
70162
70181
70188
70190
70205
70215
70227
70230
70246
70253
70255
70258
70260
70269
70318
70331
70332
70346
70349
70356
70361
70371
70380
70389
70395
70402
70415
70416
70417
70437
70441
70457
70469
70481
70485
70485
70489
70499
70516
70517
70523
70530
70540
70546
70603
70622
70638
70669
70679
70693
70708
70722
70738
70745
70749
70757
70759
70770
70778
70781
70787
70805
70809
70816
70818
70865
70868
70880
70886
70889
70895
70900
70905
70915
70916
70920
70923
70930
70935
70940
70949
70960
70983
70988
70997
71005
71042
71056
71059
71059
71063
71067
71078
71084
71090
71100
71131
71136
71166
71197
71201
71208
71210
71225
71243
71261
71266
71266
71273
71277
71298
71301
71328
71337
71339
71364
71370
71371
71377
71387
71395
71404
71408
71411
71428
71430
71435
71439
71440
71449
71459
71467
71484
71495
71517
71524
71524
71525
71539
71539
71545
71549
71550
71564
71573
71587
71588
71595
71603
71607
71611
71625
71637
71653
71655
71664
71667
71670
71675
71682
71688
71702
71706
71710
71715
71736
71741
71745
71747
71754
71763
71769
71772
71780
71784
71787
71793
71810
71814
71823
71835
71836
71850
71867
71868
71869
71871
71884
71885
71888
71932
71949
71972
72008
72014
72039
72040
72045
72056
72071
72073
72080
72091
72092
72097
72098
72104
72108
72109
72110
72111
72119
72129
72133
72134
72152
72163
72177
72194
72205
72215
72218
72219
72235
72244
72251
72261
72270
72284
72287
72295
72296
72301
72340
72342
72357
72364
72369
72373
72392
72392
72407
72410
72411
72424
72453
72465
72469
72484
72485
72511
72516
72535
72537
72542
72544
72550
72556
72561
72565
72572
72576
72587
72603
72608
72639
72649
72652
72669
72673
72690
72716
72718
72744
72748
72774
72785
72827
72835
72841
72860
72870
72874
72875
72879
72894
72906
72906
72928
72940
72952
72953
72957
72958
72959
72965
72974
72979
72991
73061
73063
73066
73070
73117
73121
73121
73128
73131
73134
73154
73155
73180
73194
73196
73197
73197
73211
73219
73222
73226
73230
73244
73271
73273
73274
73281
73282
73286
73291
73292
73296
73324
73346
73351
73363
73366
73382
73415
73422
73435
73438
73457
73465
73472
73476
73496
73497
73503
73505
73508
73516
73527
73528
73547
73559
73577
73581
73592
73597
73620
73625
73641
73647
73669
73673
73684
73702
73712
73713
73725
73743
73747
73761
73788
73799
73800
73807
73819
73821
73822
73824
73826
73832
73839
73854
73865
73876
73885
73903
73907
73908
73914
73929
73929
73932
73938
73987
73987
73997
74010
74023
74025
74037
74046
74056
74085
74088
74094
74121
74123
74126
74129
74140
74157
74179
74192
74222
74232
74234
74247
74254
74282
74297
74307
74315
74316
74325
74332
74348
74349
74367
74367
74376
74395
74411
74414
74416
74459
74476
74499
74501
74507
74517
74519
74520
74535
74536
74538
74561
74568
74571
74594
74598
74616
74624
74632
74663
74672
74675
74689
74698
74709
74726
74729
74758
74776
74781
74783
74784
74811
74814
74830
74848
74858
74875
74876
74882
74901
74904
74912
74921
74925
74930
74934
74935
74953
74958
74985
75002
75012
75019
75040
75060
75069
75090
75093
75098
75109
75117
75132
75135
75136
75149
75160
75189
75189
75212
75215
75225
75232
75262
75263
75269
75270
75302
75315
75317
75327
75333
75343
75343
75356
75365
75385
75390
75391
75392
75413
75415
75425
75444
75445
75445
75457
75469
75470
75483
75489
75490
75497
75513
75519
75523
75523
75538
75540
75570
75573
75575
75580
75606
75613
75623
75634
75638
75652
75667
75685
75701
75714
75722
75748
75755
75758
75759
75782
75795
75810
75814
75830
75831
75843
75848
75865
75868
75879
75880
75885
75900
75900
75900
75922
75926
75927
75932
75944
75954
75959
75988
75989
75998
76002
76025
76027
76034
76048
76053
76057
76062
76069
76090
76096
76097
76104
76111
76115
76155
76165
76167
76178
76183
76184
76189
76198
76203
76214
76220
76234
76268
76289
76296
76297
76329
76354
76395
76403
76404
76404
76412
76413
76429
76434
76436
76439
76470
76476
76477
76483
76486
76491
76507
76514
76522
76526
76526
76529
76534
76555
76556
76559
76561
76573
76610
76615
76625
76629
76640
76644
76652
76659
76662
76673
76677
76681
76688
76703
76747
76748
76751
76756
76760
76773
76773
76784
76787
76802
76802
76828
76833
76836
76844
76848
76849
76849
76864
76878
76897
76903
76905
76925
76932
76946
76948
76961
76963
76970
76976
76980
76986
76988
77004
77012
77016
77016
77032
77040
77041
77067
77069
77107
77108
77111
77137
77167
77175
77176
77177
77178
77183
77185
77188
77189
77205
77213
77221
77224
77240
77240
77250
77268
77276
77279
77284
77306
77308
77311
77330
77337
77338
77365
77369
77371
77372
77381
77398
77413
77417
77423
77441
77442
77485
77488
77490
77496
77498
77506
77515
77517
77527
77544
77544
77547
77549
77551
77570
77570
77576
77587
77598
77605
77629
77629
77643
77646
77666
77667
77690
77695
77720
77722
77726
77728
77730
77732
77752
77765
77772
77782
77798
77798
77801
77805
77812
77813
77843
77846
77862
77866
77866
77876
77896
77909
77935
77967
77971
77973
77986
78006
78029
78038
78043
78046
78049
78057
78063
78075
78080
78101
78104
78107
78109
78113
78115
78125
78133
78146
78168
78169
78172
78177
78177
78179
78181
78197
78223
78237
78246
78254
78268
78273
78289
78297
78298
78305
78307
78309
78325
78330
78334
78343
78343
78355
78367
78379
78389
78395
78400
78411
78420
78424
78431
78448
78459
78466
78473
78476
78479
78490
78491
78507
78513
78526
78529
78531
78582
78585
78591
78603
78607
78632
78641
78643
78643
78659
78682
78683
78693
78696
78703
78725
78740
78763
78808
78812
78828
78840
78852
78855
78858
78859
78868
78873
78876
78881
78892
78901
78905
78908
78912
78926
78933
78934
78948
78953
78972
78982
79013
79014
79015
79036
79038
79043
79047
79056
79063
79092
79109
79127
79132
79133
79136
79143
79156
79159
79181
79194
79205
79216
79222
79229
79240
79255
79271
79271
79272
79304
79309
79310
79311
79325
79342
79345
79350
79356
79361
79363
79370
79394
79398
79402
79404
79406
79407
79413
79420
79431
79433
79440
79448
79450
79456
79458
79470
79470
79474
79485
79526
79539
79543
79584
79589
79590
79591
79596
79598
79614
79617
79629
79643
79646
79646
79648
79649
79652
79659
79687
79712
79734
79739
79741
79746
79754
79765
79797
79799
79841
79851
79859
79867
79895
79896
79898
79909
79909
79941
79943
79948
79950
79953
79955
79961
79964
79971
80001
80030
80039
80046
80053
80055
80072
80080
80091
80092
80102
80103
80110
80130
80141
80143
80148
80149
80152
80153
80173
80188
80203
80218
80220
80227
80244
80247
80250
80256
80263
80287
80292
80309
80322
80333
80342
80346
80367
80377
80377
80379
80392
80399
80415
80416
80426
80427
80432
80454
80461
80472
80481
80495
80502
80509
80517
80526
80530
80539
80542
80542
80548
80559
80601
80615
80616
80681
80686
80709
80723
80730
80752
80766
80769
80771
80779
80786
80792
80806
80812
80818
80820
80830
80832
80842
80847
80862
80864
80876
80887
80915
80921
80932
80945
80950
80964
80965
80979
80992
81021
81048
81050
81055
81057
81068
81073
81083
81087
81101
81102
81113
81143
81144
81148
81168
81176
81181
81189
81191
81195
81213
81221
81223
81254
81257
81261
81265
81290
81291
81315
81326
81377
81378
81380
81386
81388
81396
81413
81414
81415
81418
81421
81448
81456
81510
81511
81512
81514
81517
81519
81525
81529
81534
81535
81563
81568
81573
81593
81595
81599
81600
81602
81606
81609
81622
81623
81631
81643
81647
81686
81692
81695
81698
81699
81699
81717
81718
81719
81723
81744
81745
81749
81750
81766
81806
81816
81820
81828
81828
81832
81839
81842
81845
81850
81851
81864
81871
81892
81893
81916
81937
81947
81947
81971
81992
81994
81998
82013
82031
82040
82043
82046
82061
82077
82088
82099
82111
82118
82120
82150
82158
82159
82175
82234
82240
82246
82247
82247
82256
82272
82282
82297
82308
82323
82364
82380
82430
82431
82443
82445
82469
82471
82474
82479
82491
82518
82521
82524
82526
82534
82534
82534
82537
82543
82545
82549
82562
82600
82605
82606
82608
82622
82623
82631
82643
82663
82669
82694
82694
82697
82699
82721
82738
82750
82752
82788
82804
82806
82809
82816
82825
82830
82842
82855
82862
82863
82864
82877
82883
82903
82909
82920
82937
82938
82941
82961
82962
82985
83019
83037
83041
83049
83100
83101
83104
83105
83108
83125
83126
83134
83145
83160
83184
83195
83195
83196
83198
83205
83212
83223
83224
83243
83249
83259
83259
83264
83300
83302
83311
83320
83349
83364
83369
83372
83373
83378
83381
83390
83398
83428
83438
83442
83443
83448
83454
83469
83469
83481
83486
83499
83526
83533
83559
83563
83569
83573
83575
83575
83580
83586
83593
83594
83597
83616
83627
83631
83636
83638
83642
83662
83665
83676
83681
83698
83708
83734
83741
83741
83743
83748
83750
83763
83767
83770
83786
83790
83802
83810
83826
83859
83865
83877
83877
83879
83906
83914
83916
83923
83943
83952
83974
83975
83978
83997
84008
84012
84017
84023
84032
84032
84040
84049
84060
84061
84072
84073
84075
84093
84161
84163
84164
84181
84187
84191
84214
84219
84226
84243
84263
84273
84295
84307
84320
84322
84328
84334
84363
84368
84378
84384
84392
84395
84404
84412
84425
84439
84450
84457
84461
84461
84476
84479
84490
84499
84502
84515
84520
84527
84531
84542
84551
84558
84563
84582
84596
84603
84636
84637
84641
84644
84647
84668
84673
84679
84691
84691
84714
84721
84726
84743
84758
84770
84773
84781
84784
84787
84790
84791
84795
84809
84812
84815
84817
84836
84842
84846
84863
84864
84868
84873
84874
84875
84896
84906
84922
84929
84932
84934
84938
84939
84964
84976
84981
84992
85004
85006
85020
85028
85056
85063
85064
85080
85082
85104
85112
85123
85136
85142
85154
85156
85159
85177
85179
85181
85182
85193
85205
85206
85208
85212
85212
85218
85218
85243
85247
85268
85270
85284
85285
85286
85287
85296
85299
85300
85303
85323
85337
85373
85381
85382
85391
85392
85394
85408
85416
85430
85451
85456
85458
85474
85476
85483
85488
85496
85500
85504
85509
85535
85542
85560
85570
85572
85587
85589
85591
85592
85598
85623
85625
85626
85633
85642
85648
85650
85659
85664
85677
85680
85681
85689
85696
85714
85715
85720
85730
85731
85739
85768
85779
85786
85793
85798
85818
85826
85830
85840
85846
85847
85851
85857
85862
85863
85880
85886
85908
85932
85955
85963
85972
85976
85983
85989
86000
86005
86044
86072
86077
86084
86086
86124
86125
86132
86138
86140
86143
86160
86185
86189
86204
86206
86209
86228
86229
86262
86276
86277
86297
86299
86309
86319
86330
86347
86378
86379
86389
86391
86394
86400
86405
86406
86428
86434
86445
86447
86458
86463
86486
86506
86514
86539
86568
86577
86578
86579
86615
86615
86627
86638
86640
86643
86652
86663
86675
86705
86716
86719
86734
86736
86754
86793
86797
86801
86812
86832
86844
86845
86880
86885
86888
86889
86902
86905
86907
86908
86920
86921
86923
86950
86956
86982
86988
86996
87027
87030
87058
87058
87065
87069
87074
87122
87126
87126
87129
87172
87173
87174
87176
87182
87196
87206
87214
87218
87227
87238
87239
87256
87263
87263
87271
87273
87278
87288
87302
87320
87325
87336
87339
87339
87344
87346
87376
87386
87419
87421
87421
87434
87440
87442
87444
87453
87474
87490
87502
87548
87572
87576
87617
87618
87620
87629
87631
87634
87639
87642
87643
87670
87684
87690
87701
87703
87706
87707
87723
87750
87763
87774
87775
87781
87783
87789
87794
87805
87807
87822
87838
87860
87876
87876
87897
87901
87906
87925
87928
87931
87932
87932
87938
87966
87975
87978
87989
87999
88004
88005
88010
88014
88022
88032
88034
88037
88038
88039
88042
88045
88054
88057
88072
88091
88114
88117
88159
88160
88160
88161
88168
88170
88189
88194
88203
88211
88223
88235
88236
88259
88282
88283
88287
88303
88308
88322
88331
88334
88339
88347
88351
88362
88376
88384
88387
88394
88413
88419
88439
88454
88456
88459
88466
88470
88478
88479
88484
88508
88514
88517
88532
88538
88542
88549
88552
88557
88558
88576
88577
88584
88587
88611
88617
88625
88629
88632
88638
88663
88665
88667
88675
88705
88709
88746
88749
88751
88758
88770
88770
88783
88785
88787
88788
88820
88846
88858
88885
88891
88908
88917
88919
88946
88947
88974
88984
88985
88989
88997
89008
89011
89014
89016
89021
89026
89048
89053
89062
89071
89073
89085
89086
89105
89113
89114
89128
89133
89136
89138
89148
89191
89195
89201
89206
89221
89231
89233
89247
89249
89257
89271
89272
89272
89294
89296
89330
89356
89361
89361
89368
89376
89403
89425
89434
89450
89455
89457
89458
89458
89481
89497
89507
89508
89531
89556
89570
89589
89606
89623
89659
89676
89702
89706
89729
89729
89757
89758
89764
89768
89773
89774
89783
89788
89804
89807
89845
89845
89867
89876
89887
89889
89897
89898
89920
89925
89933
89937
89951
89958
89966
89976
89979
89992
89993
90012
90019
90025
90035
90069
90081
90084
90085
90112
90122
90123
90125
90128
90128
90131
90144
90146
90157
90181
90181
90194
90199
90204
90216
90235
90237
90238
90245
90255
90261
90265
90270
90280
90283
90290
90368
90372
90373
90378
90394
90401
90401
90443
90450
90501
90505
90507
90511
90520
90521
90535
90539
90564
90566
90574
90579
90582
90584
90587
90589
90621
90627
90634
90648
90652
90669
90680
90689
90698
90700
90701
90707
90709
90715
90722
90724
90726
90744
90754
90757
90762
90790
90802
90802
90823
90833
90836
90874
90877
90892
90897
90911
90923
90930
90937
90945
90950
90960
90963
90971
90983
91006
91009
91019
91027
91028
91037
91107
91119
91120
91122
91130
91134
91144
91146
91182
91196
91196
91207
91207
91215
91225
91232
91240
91270
91273
91277
91282
91297
91299
91305
91314
91329
91335
91353
91366
91379
91383
91389
91419
91424
91435
91436
91442
91454
91465
91470
91475
91483
91490
91493
91506
91514
91516
91527
91528
91541
91547
91562
91567
91568
91572
91579
91581
91586
91587
91591
91611
91619
91623
91655
91669
91672
91674
91685
91685
91688
91688
91712
91714
91715
91716
91738
91740
91745
91747
91772
91776
91779
91785
91812
91823
91852
91879
91907
91919
91928
91942
91953
91955
91965
91968
92002
92003
92024
92027
92038
92052
92053
92067
92120
92121
92123
92134
92151
92165
92170
92184
92215
92218
92228
92230
92240
92245
92266
92271
92281
92283
92294
92301
92301
92308
92322
92323
92326
92340
92359
92373
92373
92380
92397
92405
92411
92415
92426
92435
92443
92451
92491
92504
92505
92521
92524
92539
92546
92558
92560
92562
92589
92590
92593
92599
92611
92627
92633
92641
92657
92665
92670
92686
92703
92703
92706
92707
92710
92717
92729
92743
92748
92754
92763
92767
92772
92781
92781
92786
92787
92796
92799
92807
92807
92811
92819
92820
92829
92839
92840
92852
92865
92868
92870
92871
92879
92882
92895
92899
92909
92912
92923
92924
92946
92946
92951
93008
93013
93018
93027
93028
93044
93047
93047
93052
93054
93070
93078
93082
93113
93125
93129
93133
93143
93153
93155
93166
93166
93170
93181
93184
93246
93253
93259
93260
93267
93282
93308
93329
93329
93335
93336
93342
93344
93345
93357
93358
93369
93378
93379
93382
93393
93409
93442
93471
93475
93529
93535
93544
93545
93547
93553
93562
93563
93566
93578
93610
93615
93631
93631
93652
93668
93670
93675
93693
93696
93697
93711
93711
93714
93727
93733
93738
93740
93741
93751
93764
93768
93776
93802
93819
93819
93820
93834
93863
93866
93885
93900
93904
93916
93937
93944
93946
93953
93963
93963
93971
93980
93984
94003
94031
94037
94038
94050
94060
94072
94084
94087
94097
94099
94131
94131
94132
94153
94192
94195
94205
94215
94223
94232
94238
94240
94263
94303
94310
94317
94344
94344
94364
94365
94367
94376
94379
94382
94387
94401
94414
94418
94420
94422
94429
94433
94434
94447
94449
94450
94454
94478
94486
94490
94490
94513
94520
94522
94522
94534
94544
94566
94576
94581
94586
94597
94634
94650
94678
94679
94697
94701
94701
94706
94735
94743
94755
94757
94759
94775
94775
94780
94784
94801
94802
94803
94808
94820
94820
94822
94829
94851
94852
94869
94873
94900
94909
94932
94936
94946
94968
94971
95014
95025
95037
95038
95047
95053
95070
95083
95115
95120
95147
95202
95204
95209
95214
95218
95220
95222
95235
95237
95240
95247
95248
95250
95262
95262
95267
95268
95270
95288
95291
95297
95312
95314
95332
95337
95346
95355
95365
95398
95399
95403
95410
95437
95440
95450
95458
95459
95464
95477
95485
95495
95499
95506
95523
95539
95540
95540
95548
95551
95557
95569
95570
95580
95616
95617
95625
95643
95644
95647
95662
95674
95683
95722
95741
95773
95783
95785
95799
95805
95812
95814
95818
95834
95846
95856
95857
95870
95874
95884
95902
95914
95970
95980
95985
95990
95997
95999
96002
96023
96030
96057
96073
96082
96088
96096
96115
96122
96133
96134
96139
96178
96182
96197
96211
96237
96263
96272
96278
96279
96282
96307
96311
96313
96352
96352
96353
96370
96387
96393
96402
96407
96414
96454
96465
96469
96481
96486
96492
96501
96532
96533
96534
96534
96537
96538
96541
96548
96557
96565
96598
96602
96621
96627
96635
96646
96650
96670
96677
96688
96697
96700
96723
96726
96726
96733
96737
96740
96743
96755
96764
96771
96775
96780
96789
96838
96846
96849
96853
96855
96864
96864
96877
96886
96897
96902
96910
96913
96920
96952
96952
96969
97000
97024
97028
97032
97034
97047
97056
97065
97096
97099
97103
97106
97109
97115
97122
97128
97146
97151
97160
97178
97178
97180
97200
97213
97223
97227
97232
97232
97233
97236
97248
97249
97273
97275
97277
97278
97305
97321
97335
97345
97359
97368
97396
97399
97405
97416
97418
97427
97434
97439
97441
97447
97456
97462
97463
97467
97474
97479
97485
97499
97509
97511
97514
97514
97539
97550
97557
97586
97622
97648
97673
97682
97682
97691
97696
97703
97706
97709
97709
97716
97725
97728
97747
97759
97762
97776
97802
97828
97829
97830
97849
97860
97864
97895
97895
97908
97913
97928
97928
97949
97953
97953
97963
97967
97974
97975
97985
97987
98020
98028
98030
98037
98043
98057
98066
98075
98082
98083
98084
98111
98112
98121
98125
98132
98137
98179
98180
98184
98193
98202
98204
98207
98212
98215
98246
98256
98260
98263
98276
98298
98308
98334
98351
98360
98367
98370
98376
98379
98387
98391
98430
98433
98440
98443
98460
98470
98476
98480
98481
98481
98487
98493
98509
98510
98519
98525
98550
98558
98573
98596
98598
98601
98604
98605
98610
98614
98657
98659
98670
98672
98686
98687
98700
98722
98739
98740
98742
98746
98748
98749
98752
98768
98773
98784
98797
98803
98816
98832
98833
98861
98914
98931
98933
98941
98958
98962
98990
98991
98996
99008
99051
99080
99088
99117
99119
99119
99121
99124
99153
99161
99167
99173
99187
99189
99195
99208
99220
99226
99229
99237
99241
99245
99247
99263
99275
99277
99297
99299
99335
99355
99371
99374
99388
99398
99415
99423
99444
99453
99458
99481
99491
99502
99505
99508
99514
99523
99537
99540
99541
99561
99579
99587
99592
99595
99612
99642
99642
99667
99675
99688
99689
99692
99704
99706
99718
99722
99724
99734
99751
99753
99764
99771
99773
99783
99784
99784
99789
99873
99880
99882
99887
99892
99898
99916
99916
99923
99924
99961
99962
99969
99974
99975
99999
