6986
8847
5499
7006
8374
3577
7607
9773
7547
1284
7256
9724
8207
1644
6599
421
3385
7663
8065
7177
5940
1047
2767
7114
3813
4572
7878
9110
5758
7379
3682
2743
2578
9180
9748
951
2757
3706
7075
6655
1342
4331
6379
5900
2326
9329
6320
2063
3343
737
9239
9282
1783
8357
6396
5596
9280
625
1057
5037
8004
4738
7780
6933
270
3879
4235
9378
3937
1310
6032
1630
1992
8762
7529
4317
8090
201
6379
1433
937
1970
7066
9071
6678
3461
4666
5958
438
2075
7346
4793
3164
5125
1725
9785
5356
5959
9162
5644
3620
5194
7273
5611
307
4801
9928
4749
5001
2658
6181
2289
979
3246
1360
4009
3059
2377
9966
3496
4451
3663
8288
3967
8788
6364
3751
495
2322
9265
6138
2294
4458
9762
7904
1116
914
4183
5864
5915
3193
8396
4555
4171
7994
5914
8179
7404
8291
4496
7251
9093
8159
1890
3059
3298
8253
3162
144
6926
2426
2633
9219
3235
2394
7123
702
3307
7657
6566
5573
849
1313
128
5020
9306
6041
9550
6709
683
4046
3959
9776
8556
5848
9186
8205
452
8699
8348
7378
1124
980
2948
710
9725
6422
1412
3031
4079
4329
4956
4927
5641
5083
6298
1299
7475
5848
8007
8158
6245
8318
4285
1152
517
3470
9356
7321
2169
7703
4698
9644
5034
3997
354
4758
419
8117
7788
4497
2445
2743
9423
8085
4177
2073
5735
1652
7920
94
6161
516
4763
445
1667
5279
3914
1022
8951
2434
8724
10000
2078
3757
3997
2431
8514
4415
547
2653
8911
9343
1748
4685
3779
5924
6757
9514
3927
1028
9607
6439
1543
4369
3235
3209
5999
7149
4230
4950
5934
9305
4949
8011
9413
8945
6793
4278
9711
3691
6931
4973
3033
5030
6010
3164
7305
9118
2677
7584
146
8635
4022
8040
3003
7257
1249
5353
757
1830
302
6690
1135
1603
1053
6899
6899
7845
1177
6610
7888
8107
1582
7272
9488
3943
435
6792
3061
9463
4375
3206
8097
4749
7597
1099
8357
8845
6452
5465
7027
3105
2154
8161
4707
9558
5059
1606
3755
2587
4567
1642
7045
2500
5265
6532
6443
5700
3324
9503
5162
4050
9060
9611
5150
6656
709
3506
1853
3512
8970
8879
2969
7476
3391
7675
3385
4801
5632
7139
7388
6550
5132
4432
9050
397
964
1844
6096
639
7698
7609
1040
6757
7219
2542
9764
4280
2399
7968
4143
7721
3198
7111
5196
2940
1138
8580
7741
3121
2071
1480
9671
7202
5911
5072
7598
3226
6915
3693
216
4612
7654
7608
7720
4872
149
3835
5503
2547
8155
9646
267
1352
6756
1814
4292
7893
6746
8384
7366
8816
9863
7036
6017
5773
2107
9967
5351
5373
11
5566
9984
7664
9525
4055
8888
9673
7889
4390
8572
2395
4035
5190
3747
7143
7004
4390
1387
101
2773
8752
5268
2635
5787
7636
4759
4245
7602
109
5969
7613
2027
2304
1628
1551
6358
515
7576
599
4905
2499
2993
5291
7688
3091
2433
1043
7480
3820
1143
252
8923
2762
9238
1062
398
3997
5306
7999
4105
7627
5611
2483
9930
7239
386
2640
4105
4313
3238
5361
6811
2582
652
4498
2025
9436
1893
9504
9607
9387
6108
8530
2149
5345
9591
2546
9341
1248
544
9798
8874
2507
8632
5156
6097
9017
7795
201
3329
7384
5562
139
6317
2565
989
8341
2000
2881
4197
1607
2267
304
6488
767
5648
2430
3312
1341
3677
3856
7490
8903
2714
6121
4058
8810
1490
8204
9010
4818
5587
4571
1309
8255
7135
2297
6596
5487
1529
792
3445
147
7447
9932
914
3094
2361
577
786
2389
4432
8275
7643
7145
748
1700
5954
2237
6255
1316
7054
8193
2238
4714
6448
9373
7010
9395
1211
4890
186
4655
1389
7632
4586
2302
7077
3298
9230
4215
5686
3662
2489
3329
7158
3236
1380
9464
5472
3987
7131
8878
2179
9368
3591
4978
8740
6953
4372
9950
8194
909
956
9582
8540
1893
8235
1969
5190
7465
6183
7228
7478
5023
6908
987
4611
4639
450
82
8625
7580
5311
7156
6948
8902
2133
2039
2206
2857
8341
399
3765
9296
9981
8657
1189
4567
6977
2730
2031
3159
6309
9508
8181
3216
495
2791
7855
7296
9225
2831
1228
887
6338
4527
6140
8471
2917
8345
7679
1257
5096
1443
6905
1428
6451
4445
5994
3427
3526
8025
6585
9835
3884
1118
3050
730
260
7256
4378
5836
6439
5605
3075
2776
6483
9214
7598
9399
3911
5276
7008
9006
3071
264
433
9521
1060
2778
2948
4585
7154
5884
771
1038
3353
173
8119
9965
7428
8848
2152
3866
804
5226
2994
7286
4440
591
3037
4702
5867
44
3707
8937
6659
491
4809
7718
3268
4108
8654
422
6344
9425
7811
6048
9597
2281
6012
3376
1129
4516
3594
1932
9741
6587
9218
532
7177
8606
5233
9395
8649
5291
4683
5307
5781
9492
9376
5401
9951
8029
5822
6294
3805
9984
2342
9753
2264
4705
3129
9744
9220
6722
1676
5313
3308
7245
5844
6836
5850
7429
6231
850
2719
913
2508
4852
6756
1883
252
6707
6263
2425
3000
6420
2408
1693
6172
1023
6398
9300
767
1969
2373
8794
7281
2032
6038
9477
8868
8239
6905
1450
9088
5975
2362
1595
826
5470
9829
1077
2176
2443
3501
5175
8862
2260
3220
5034
3283
9617
685
401
7937
9410
9194
1570
1441
5231
1046
6660
3469
4302
4461
2556
276
6823
502
1102
2292
330
8530
819
9124
8383
5993
7986
642
5564
9371
276
1532
55
676
9469
9464
9869
1038
7257
1451
2083
3916
4919
2736
8377
3826
3011
1551
679
464
194
7360
5346
1012
6484
3728
3356
4469
721
5272
3839
997
6803
245
8024
6271
9709
7893
3660
3317
9343
2094
7232
614
4829
1960
4439
7840
9862
5118
4655
6407
8829
10000
3770
5312
79
3478
9780
800
8749
9970
8148
5551
215
6171
1822
6275
4063
5481
9591
9758
3927
3174
371
8755
5134
1161
2946
1347
2630
7601
7754
1459
