11
44
55
79
82
94
101
109
128
139
144
146
147
149
173
186
194
201
201
215
216
245
252
252
260
264
267
270
276
276
302
304
307
330
354
371
386
397
398
399
401
419
421
422
433
435
438
445
450
452
464
491
495
495
502
515
516
517
532
544
547
577
591
599
614
625
639
642
652
676
679
683
685
702
709
710
721
730
737
748
757
767
767
771
786
792
800
804
819
826
849
850
887
909
913
914
914
937
951
956
964
979
980
987
989
997
1012
1022
1023
1028
1038
1038
1040
1043
1046
1047
1053
1057
1060
1062
1077
1099
1102
1116
1118
1124
1129
1135
1138
1143
1152
1161
1177
1189
1211
1228
1248
1249
1257
1284
1299
1309
1310
1313
1316
1341
1342
1347
1352
1360
1380
1387
1389
1412
1428
1433
1441
1443
1450
1451
1459
1480
1490
1529
1532
1543
1551
1551
1570
1582
1595
1603
1606
1607
1628
1630
1642
1644
1652
1667
1676
1693
1700
1725
1748
1783
1814
1822
1830
1844
1853
1883
1890
1893
1893
1932
1960
1969
1969
1970
1992
2000
2025
2027
2031
2032
2039
2063
2071
2073
2075
2078
2083
2094
2107
2133
2149
2152
2154
2169
2176
2179
2206
2237
2238
2260
2264
2267
2281
2289
2292
2294
2297
2302
2304
2322
2326
2342
2361
2362
2373
2377
2389
2394
2395
2399
2408
2425
2426
2430
2431
2433
2434
2443
2445
2483
2489
2499
2500
2507
2508
2542
2546
2547
2556
2565
2578
2582
2587
2630
2633
2635
2640
2653
2658
2677
2714
2719
2730
2736
2743
2743
2757
2762
2767
2773
2776
2778
2791
2831
2857
2881
2917
2940
2946
2948
2948
2969
2993
2994
3000
3003
3011
3031
3033
3037
3050
3059
3059
3061
3071
3075
3091
3094
3105
3121
3129
3159
3162
3164
3164
3174
3193
3198
3206
3209
3216
3220
3226
3235
3235
3236
3238
3246
3268
3283
3298
3298
3307
3308
3312
3317
3324
3329
3329
3343
3353
3356
3376
3385
3385
3391
3427
3445
3461
3469
3470
3478
3496
3501
3506
3512
3526
3577
3591
3594
3620
3660
3662
3663
3677
3682
3691
3693
3706
3707
3728
3747
3751
3755
3757
3765
3770
3779
3805
3813
3820
3826
3835
3839
3856
3866
3879
3884
3911
3914
3916
3927
3927
3937
3943
3959
3967
3987
3997
3997
3997
4009
4022
4035
4046
4050
4055
4058
4063
4079
4105
4105
4108
4143
4171
4177
4183
4197
4215
4230
4235
4245
4278
4280
4285
4292
4302
4313
4317
4329
4331
4369
4372
4375
4378
4390
4390
4415
4432
4432
4439
4440
4445
4451
4458
4461
4469
4496
4497
4498
4516
4527
4555
4567
4567
4571
4572
4585
4586
4611
4612
4639
4655
4655
4666
4683
4685
4698
4702
4705
4707
4714
4738
4749
4749
4758
4759
4763
4793
4801
4801
4809
4818
4829
4852
4872
4890
4905
4919
4927
4949
4950
4956
4973
4978
5001
5020
5023
5030
5034
5034
5037
5059
5072
5083
5096
5118
5125
5132
5134
5150
5156
5162
5175
5190
5190
5194
5196
5226
5231
5233
5265
5268
5272
5276
5279
5291
5291
5306
5307
5311
5312
5313
5345
5346
5351
5353
5356
5361
5373
5401
5465
5470
5472
5481
5487
5499
5503
5551
5562
5564
5566
5573
5587
5596
5605
5611
5611
5632
5641
5644
5648
5686
5700
5735
5758
5773
5781
5787
5822
5836
5844
5848
5848
5850
5864
5867
5884
5900
5911
5914
5915
5924
5934
5940
5954
5958
5959
5969
5975
5993
5994
5999
6010
6012
6017
6032
6038
6041
6048
6096
6097
6108
6121
6138
6140
6161
6171
6172
6181
6183
6231
6245
6255
6263
6271
6275
6294
6298
6309
6317
6320
6338
6344
6358
6364
6379
6379
6396
6398
6407
6420
6422
6439
6439
6443
6448
6451
6452
6483
6484
6488
6532
6550
6566
6585
6587
6596
6599
6610
6655
6656
6659
6660
6678
6690
6707
6709
6722
6746
6756
6756
6757
6757
6792
6793
6803
6811
6823
6836
6899
6899
6905
6905
6908
6915
6926
6931
6933
6948
6953
6977
6986
7004
7006
7008
7010
7027
7036
7045
7054
7066
7075
7077
7111
7114
7123
7131
7135
7139
7143
7145
7149
7154
7156
7158
7177
7177
7202
7219
7228
7232
7239
7245
7251
7256
7256
7257
7257
7272
7273
7281
7286
7296
7305
7321
7346
7360
7366
7378
7379
7384
7388
7404
7428
7429
7447
7465
7475
7476
7478
7480
7490
7529
7547
7576
7580
7584
7597
7598
7598
7601
7602
7607
7608
7609
7613
7627
7632
7636
7643
7654
7657
7663
7664
7675
7679
7688
7698
7703
7718
7720
7721
7741
7754
7780
7788
7795
7811
7840
7845
7855
7878
7888
7889
7893
7893
7904
7920
7937
7968
7986
7994
7999
8004
8007
8011
8024
8025
8029
8040
8065
8085
8090
8097
8107
8117
8119
8148
8155
8158
8159
8161
8179
8181
8193
8194
8204
8205
8207
8235
8239
8253
8255
8275
8288
8291
8318
8341
8341
8345
8348
8357
8357
8374
8377
8383
8384
8396
8471
8514
8530
8530
8540
8556
8572
8580
8606
8625
8632
8635
8649
8654
8657
8699
8724
8740
8749
8752
8755
8762
8788
8794
8810
8816
8829
8845
8847
8848
8862
8868
8874
8878
8879
8888
8902
8903
8911
8923
8937
8945
8951
8970
9006
9010
9017
9050
9060
9071
9088
9093
9110
9118
9124
9162
9180
9186
9194
9214
9218
9219
9220
9225
9230
9238
9239
9265
9280
9282
9296
9300
9305
9306
9329
9341
9343
9343
9356
9368
9371
9373
9376
9378
9387
9395
9395
9399
9410
9413
9423
9425
9436
9463
9464
9464
9469
9477
9488
9492
9503
9504
9508
9514
9521
9525
9550
9558
9582
9591
9591
9597
9607
9607
9611
9617
9644
9646
9671
9673
9709
9711
9724
9725
9741
9744
9748
9753
9758
9762
9764
9773
9776
9780
9785
9798
9829
9835
9862
9863
9869
9928
9930
9932
9950
9951
9965
9966
9967
9970
9981
9984
9984
10000
10000
