6230
6109
2649
8511
5373
4554
600
2954
8410
1664
4503
8813
6799
8470
2020
1345
9685
8990
4301
6868
3081
2470
7604
472
4495
9232
427
2496
663
7516
5644
2714
9896
933
2914
6195
922
6083
2154
2300
4406
4121
1552
2185
5978
4688
9400
1684
2060
3155
1906
5371
2328
6937
7984
1778
3816
7333
6717
803
202
6334
6291
3176
3485
9978
1817
8747
5606
5402
3248
6185
6232
1840
9634
4316
3784
8980
2681
6046
3946
8599
953
2104
3731
3091
6146
5387
8072
3385
6136
3054
9585
2452
5032
9607
310
546
7591
7149
6471
6251
1565
8174
2506
8773
3278
1257
6310
9294
7892
2030
6729
2223
701
6235
7869
2396
7632
571
639
7127
3819
9628
6449
8866
691
1375
4963
3191
9378
1529
2194
6201
7380
1645
1243
2548
4161
9401
9052
6935
3598
3269
7631
7153
3496
7349
487
6874
5671
7671
739
9363
9996
5903
5287
1703
7722
1567
7809
4411
1631
3006
790
2574
6160
1474
483
9973
4646
1766
3575
235
6919
5750
5928
3302
6567
8789
1336
2317
7793
6585
629
540
5577
2815
5782
3010
4507
4616
6681
6707
2801
9480
6762
5162
1720
8182
8099
6487
8591
2867
4830
1985
4783
1313
9761
671
4518
2829
2405
9213
451
1028
5102
9110
8859
4674
6029
9784
5772
4471
9466
3942
1679
6942
8283
19
5083
757
9051
2941
9406
1702
1154
2626
4559
8923
1246
7559
5838
2287
3289
4125
4808
3459
3310
4315
2579
2268
8166
7987
2855
359
5419
602
9419
2638
854
4294
9551
6299
930
9556
8762
3409
2669
8897
7
7663
5090
1947
3181
7836
3501
6861
463
4584
2077
8062
8588
6742
17
8016
6128
3212
7309
9965
97
7118
2997
9796
5621
7491
95
2376
2983
6640
917
2377
9389
2159
5056
8026
2570
7011
5522
3950
1420
1189
6612
1929
6151
2246
2038
1992
4635
9949
532
1343
1236
5817
6579
5979
4923
8642
9002
1018
251
9491
156
8165
5529
341
7315
4954
3653
4976
5227
3553
1923
2530
3990
5055
614
6423
9245
8544
1333
7500
347
9906
3003
4198
8685
8933
8939
9859
2555
4697
2900
3214
281
8735
8654
2308
8156
3430
8536
5335
7756
4356
7155
5929
8310
2428
2938
7297
6945
2687
2634
3891
2888
5993
8834
2288
738
3858
407
7483
6192
3628
1984
2426
4426
5204
2753
8472
2565
1594
7001
906
6409
5887
3164
8865
8093
6621
6666
8835
4989
9728
7794
294
9434
4360
1218
8909
8160
7183
2769
1360
7015
9937
7879
4537
9552
3148
5923
3019
9152
8128
8673
8606
6276
3622
9382
562
536
2298
8924
556
8452
8526
7700
1204
2472
2473
3895
3251
3223
2509
3977
9870
4302
4962
175
3590
6647
6385
1165
4091
213
91
8146
9172
5376
5474
35
394
3517
3786
832
3932
5023
968
1848
3928
4341
9890
6732
5077
6563
2080
1320
289
8749
6748
2918
9571
4840
6495
2836
4132
2219
4486
924
8313
2152
6186
4915
7564
9853
2034
7613
8586
6139
9399
9497
2201
1783
2772
3597
607
432
9673
9683
8114
4798
5076
7712
7428
945
7323
4105
389
3369
7052
2174
1656
5101
7109
1566
8507
858
191
693
9558
9873
6057
8076
6168
3494
2349
8090
8955
5246
6316
1412
7995
9316
3215
2456
1621
6224
9508
7489
3612
5769
9729
9055
5971
1881
4748
9517
3462
5393
3469
2257
9529
3554
2860
6759
1775
3094
2208
745
9700
2005
8675
1498
5650
4827
2047
1986
6841
9702
859
3560
9594
6094
5399
9767
4444
8585
1833
8192
3028
6337
7445
324
8562
3587
2991
7529
5009
2645
620
2191
7859
4935
9742
3619
9874
3476
5556
3421
2017
5861
8953
3166
9500
3954
3749
5158
8017
4760
3719
2299
3396
1563
756
4852
304
9875
1839
2200
6388
4036
9754
7765
9736
2289
8744
9375
1271
4150
8691
8266
5043
3804
6093
8607
2129
8958
3536
2262
5269
6895
3442
6944
1308
4382
9180
5882
2853
5791
8572
3287
9414
1847
5594
8225
5512
8631
9641
1335
1480
9803
8063
3742
431
9439
1568
3825
8879
8352
9525
5175
8811
3270
7397
5187
1284
4213
3171
6910
594
9387
2725
6040
5558
2094
9885
2431
3359
8454
3069
5258
7509
9911
9147
9486
3240
2585
4595
4551
8008
9908
8641
8070
8987
1652
1740
4784
6494
6065
9427
8509
3097
7203
9577
9433
2793
1784
5533
5675
1105
8605
1509
7473
3525
7612
8622
704
3744
5429
1280
3304
8119
2483
1543
5239
6744
2862
8061
8945
3687
3718
628
8555
4102
9224
7257
5356
5705
7086
7557
3585
7205
4122
8583
3121
4483
2304
8645
1276
2705
4069
9082
6746
1634
9221
7449
1758
997
1356
6037
9956
8064
8659
9817
2673
1943
3707
3937
7519
8725
3711
4376
4780
7972
2231
2552
5452
4039
8434
2711
7711
6932
8892
2523
9938
7213
5865
5110
4163
5524
1166
2795
6002
5266
197
2008
6131
8347
6008
690
5417
8657
4375
6610
825
8769
4506
2678
6865
1575
4580
49
3992
7197
208
3085
4975
6202
2353
5428
8083
4465
2674
5718
7746
8362
6659
4063
8503
6815
5251
2309
3580
6266
8456
5774
9580
6284
3370
5656
1158
958
27
4804
61
9921
375
1492
9671
8674
5655
2333
3315
3755
3237
8512
2770
5712
7084
4707
2664
7742
9854
7229
3070
878
9392
7899
9858
2424
5312
9638
2885
4408
6770
3665
2075
6569
3056
5198
5517
9473
8267
4038
8719
9019
8651
8712
9309
9260
9468
9946
664
2569
6912
8276
8129
9226
866
7851
6600
1957
6492
5029
8979
1910
3386
7331
1285
6245
2741
8141
5844
2117
8115
2922
9455
9200
7734
2482
1955
9934
9072
8227
6782
5900
5837
7901
7914
9393
4431
554
9269
6432
4922
630
2320
637
4257
8132
5966
4153
4318
597
3859
5590
287
1005
8944
8660
7928
4098
884
3813
6013
3161
2054
2854
402
1641
9802
4905
8271
9003
7725
5947
4792
9012
3305
220
5620
6901
4690
7486
2756
4261
8298
6058
1338
2475
7969
9031
4575
9333
6359
3988
9712
8612
9589
8708
9465
1057
9351
6134
9367
8862
818
6806
8962
9989
4454
8838
2135
1109
940
2495
7989
1772
7779
1998
811
3295
3222
4973
4848
5201
5913
7224
7259
5397
6132
5668
9618
3017
3207
8514
3453
2541
9402
7627
1029
1479
7069
2612
51
5631
7641
8755
3136
7043
5018
8133
1302
7816
1263
3740
1632
9372
6344
3885
2883
4119
3115
9305
5080
5081
280
3301
2450
2878
3867
2551
1616
8493
6992
8506
1241
8621
5044
3380
8374
5930
4933
6365
4016
4192
918
3602
6573
4811
9182
1919
1854
657
4107
4855
7482
1944
3880
1191
6745
3417
7634
7895
6309
4274
275
1293
2241
4943
1802
330
1228
7173
5699
1990
6177
2026
7108
9868
9066
3389
1964
6893
9534
3204
8071
256
6070
4568
1442
4295
332
2763
1562
3692
8969
4217
8006
8928
3729
7352
6641
1620
4673
5820
4837
416
3979
563
4819
424
2316
6517
7253
3697
9545
6381
3756
5211
6242
7035
6454
3881
3975
9948
311
8795
6175
834
3532
5400
2562
1842
5875
6439
8162
1017
4693
9872
7539
7881
7159
8161
4425
7961
8875
417
8935
6743
5339
8847
8941
1828
3925
31
3356
6655
9446
656
5333
3415
3126
450
4969
2844
8288
1016
8630
9899
69
3599
7104
7976
4939
4407
1081
5832
6535
9300
3805
960
8234
4416
1265
9787
6226
7600
5059
5117
4761
2775
2346
3404
151
4410
7759
4030
5957
4211
83
4714
7311
5159
8479
8037
7813
6098
9741
5802
4920
2059
2251
9793
3768
2613
6774
7507
9133
2820
1607
264
6562
927
1391
4249
3940
9920
4438
7384
2447
6884
3199
9160
4845
9786
8542
79
4601
8178
6786
4829
2053
1460
3098
390
5686
6779
4730
8046
2465
2046
422
9865
595
9583
3616
652
4343
9073
2568
8404
5554
9286
6025
8395
8713
2685
2561
6870
2368
9544
5064
6753
3843
370
7106
1851
6876
7514
9595
383
140
4492
3468
7442
1996
1835
8760
6222
5441
7621
7190
5552
7944
1770
3987
627
5070
2505
6229
7744
2295
1902
9107
1456
1299
1124
2603
2693
7964
5946
3300
7841
541
5578
6995
5890
7341
5690
2969
1591
59
8473
3027
837
5245
9063
1965
1604
5840
2113
932
3562
485
1718
4671
2041
1060
8870
7480
2214
1272
9197
3458
7233
8724
7002
9867
5308
1465
6237
1464
782
4561
2227
2489
5921
64
2675
9640
7080
2799
9519
8826
1088
5292
5172
8121
1709
7115
5459
9759
6377
9227
9521
1468
9210
260
2234
129
8527
6490
6261
4659
6530
8443
2420
9706
5286
7822
2545
4726
6011
3736
2381
4678
7251
4357
9018
4577
6581
5841
4756
1561
5845
7819
7715
3351
8803
5521
2327
1987
67
2549
5756
9424
3603
1850
8370
5599
3319
9124
5748
4355
5411
1094
9947
3156
5780
7681
3644
6504
6798
7212
8303
181
5191
8963
6126
9487
3720
7433
8080
7096
3196
2835
5833
6757
8325
7949
1053
121
7376
8700
2455
647
2466
5351
7493
6797
3738
8683
3993
1205
7889
9249
5212
4037
2078
9567
3394
7274
9343
9686
8668
9009
5053
7954
7194
4167
5625
8983
5651
9229
7710
6668
9825
1473
3153
7040
7662
9811
2874
8387
2859
8497
1369
1157
2485
7922
7408
9022
4235
9695
4803
5657
4965
4089
9477
7271
3229
2318
5628
9616
6509
5728
4874
3670
7577
3846
152
7144
4668
9346
3994
6325
9169
8553
3190
8690
2653
6730
810
5483
6056
3877
7974
8638
8682
8329
1818
5713
9475
5981
8800
6360
2503
4141
7692
5427
9834
947
507
4481
7120
2341
8055
1200
1495
1747
222
1203
5354
8823
8211
3273
356
2073
1676
7705
3498
5515
3828
4024
5822
9127
2048
4075
4474
1678
8869
7496
688
9279
234
9492
4019
9789
4080
8489
2025
4112
4639
1531
5677
773
741
4895
6252
2884
237
1528
9600
1455
8543
3841
9726
3354
2987
3835
6472
7689
9633
6598
9687
6521
9156
6817
2277
5507
7210
2544
9357
8711
6473
9214
5824
5263
4772
7551
6460
1170
2145
3441
5078
8521
5850
9442
1496
4077
5430
7458
3033
9979
2422
4961
7515
5493
2488
1298
6408
2218
1924
5019
8505
2761
4344
4624
6558
3022
3831
2906
1084
6904
584
5457
9313
3685
9185
8042
736
3427
8669
204
1589
1868
4448
2734
1524
1346
9228
4650
1138
3080
1258
9950
2255
3473
2387
5435
4556
9490
8595
8797
9284
2588
1252
5410
8337
5764
2248
5092
5805
361
182
2071
225
5587
5863
9076
7110
6916
7686
4913
874
9540
4468
5181
6897
7885
3047
6306
201
4553
5501
7858
4699
1247
4625
3387
76
9338
2643
3723
4312
6096
7518
5085
916
5503
8680
2358
3620
6811
3886
2573
7549
8269
2546
9546
5199
3058
4350
6852
6513
8057
9800
2774
6726
1547
3242
1695
5284
4427
8609
2360
6178
5000
4514
812
1506
261
5247
345
568
8661
3030
1106
3844
1058
9331
92
509
9154
8242
6508
2721
4157
8065
7448
2629
9094
1913
3689
7014
2491
6616
8604
4623
788
6847
1975
6354
2479
1024
9278
7094
1614
1428
1602
2817
9837
5867
6997
9779
3629
2079
3280
4067
243
2882
5931
2172
7937
2134
8293
3306
1407
9560
944
5125
853
3084
2454
3910
348
3730
566
2730
3981
961
1103
3408
430
9866
8451
6415
4447
4689
3894
8436
4379
8895
8198
6550
593
4541
3479
8738
5179
9652
9535
3060
1515
2110
880
7948
172
4178
2275
903
3747
5109
3075
426
215
7973
4362
4461
1253
5186
5951
1618
6696
4572
1845
9203
9669
5653
3912
5368
3083
9970
7698
5336
2323
2367
617
1540
2380
1754
5310
8617
3297
7552
1114
3513
4607
9038
3863
5088
7558
1808
5306
6802
4573
4128
5775
5403
5689
5437
7301
5299
5691
7550
4621
622
5378
2136
4146
1790
4013
9776
3798
2040
3604
371
3639
425
6789
379
9164
5161
8580
8032
8201
3527
408
4744
4930
1426
3482
9909
8425
438
8322
7347
5283
938
5366
3317
6800
5976
3044
6913
6373
2332
6725
9960
5912
761
1410
6075
7325
5642
9317
3275
702
1211
2296
7834
9542
1212
7181
1544
5277
7370
9660
6165
7319
4273
5926
4504
4283
744
1229
4353
5060
1541
7151
8189
5936
2729
3274
4542
466
9064
3013
8356
6164
7303
455
2171
7912
1244
155
5282
9043
127
5326
7000
437
5203
8579
1887
6544
3249
9430
2410
3938
1801
5016
4566
6187
5648
7750
5470
8171
3543
5002
4983
3832
698
5392
3029
9006
3710
3230
5353
5729
4149
323
1259
8312
6488
1227
9275
9605
1307
1064
9871
5654
1295
9561
139
9078
1405
8965
5206
6347
9813
3962
6506
1027
2961
9846
5968
1179
4332
1908
8040
373
9520
6900
6412
1269
3943
9080
274
5071
9089
7818
3615
7753
7687
3112
3478
1855
2229
5940
1888
158
4657
5471
5307
1951
2614
4180
1230
7055
8333
6319
7894
2762
9988
5708
1006
4953
2608
9981
9601
7990
7420
2187
5886
2476
4570
3739
9694
7385
3337
217
4767
4700
3313
4440
8341
4789
1550
3043
7435
9025
7024
9353
7232
7777
3475
3727
4643
1935
4277
1108
1852
5697
7065
3775
1853
5868
6592
902
7299
7198
8733
7275
138
2303
5847
7764
440
3591
4323
148
4174
71
3733
9193
2913
8808
5243
9821
5602
7467
8781
5317
864
6216
9587
3761
401
6604
8844
4155
2517
8985
9244
8220
8457
3491
8431
2142
9889
986
2492
6336
9832
107
9335
9569
8882
9769
4564
7425
6027
6378
4114
3674
6756
5184
8209
3767
3541
4731
7335
1724
255
4500
3769
9048
2946
441
6183
900
8204
2800
3848
8770
7260
3182
7284
1619
442
8972
9448
9526
6687
6082
8343
7701
1192
7287
6452
1730
7083
3927
2065
723
391
8498
1389
7276
502
2394
212
6241
9236
2019
4567
9926
2325
2814
3701
396
6542
2672
2739
8727
7553
238
8689
2532
6300
8401
2789
7736
1991
4875
5880
9370
3519
7861
8004
1611
206
3995
8448
4337
7023
2876
5126
1771
2274
8265
2572
2221
93
7136
3490
7512
7329
1275
7520
7320
3147
4516
6977
7852
6838
552
2301
3141
1856
2095
1311
994
4981
6518
8601
2630
5358
7738
7387
166
3492
4300
4494
399
54
9731
4743
672
2462
3509
1886
4113
2534
806
5518
4001
5259
1903
2743
2356
9606
5724
3216
8191
1214
6317
4033
3205
7305
855
1156
1418
406
7386
4787
8239
877
3192
531
3574
586
410
4742
3260
3048
7867
7350
2336
4291
1151
8832
6809
1367
8172
578
7521
3339
4400
7289
8380
4641
82
905
5228
681
6101
6090
4679
8230
3071
2536
4271
4940
3363
6644
3038
1161
3849
9265
8807
9563
598
7760
8290
4891
9997
754
5545
247
9992
1068
4377
9336
3607
2205
3766
5874
7193
7594
6339
6954
305
2338
9057
8777
2098
7642
9247
5643
7833
60
2414
7844
9505
2413
9733
9688
5846
4267
5744
9087
2143
464
5888
1462
4127
3955
5176
8973
2370
6107
2563
3143
8020
87
1507
3797
4576
4262
5741
7342
7250
3185
9117
4245
9765
7907
5086
123
6709
1281
6218
9730
8021
4296
9961
9347
5960
8136
9093
263
9234
1221
805
9566
7906
3847
9168
8502
9447
7059
5488
4630
8805
4857
6813
9841
9340
6392
5454
6947
982
2437
6142
9141
4964
1039
1411
1255
6270
4909
6541
184
8243
8122
6793
7290
338
7334
4139
1430
3576
3261
2168
9469
9159
5015
5870
4727
7249
2128
1999
8894
1806
9967
3534
1409
5666
4696
658
3958
5856
5969
9637
654
4545
5342
5193
6936
2950
5664
5661
6469
2554
8028
4169
3316
4222
9301
1220
5709
9644
4437
6167
2461
1697
2481
8089
4736
2011
7388
4754
5754
70
6349
6262
6456
7839
975
8620
4421
4270
2087
2391
8339
2347
2872
6795
5183
9256
1897
8415
6694
8086
6993
7927
1339
1116
3365
3508
2021
6741
2780
3338
6292
1968
9337
7087
9319
6440
1788
4900
7235
3930
6295
777
7460
3764
8168
7020
9884
4532
7570
3759
3904
4391
9039
4777
5542
1381
7145
3686
6194
9061
5177
4395
351
2898
6596
4925
2593
7243
7582
7640
3794
4095
4109
9478
7992
5640
1739
5325
8786
7658
5634
3611
462
4627
4004
8678
2009
8967
3860
6663
7945
3008
8041
4321
7916
8428
7265
2433
8977
4023
3424
5583
8186
4050
7506
342
4399
6587
9678
9549
6675
1162
9962
8575
2211
4955
8414
4020
6958
8103
1807
1235
2411
3213
7269
2662
5439
3558
5825
1326
108
1075
559
8742
4997
4250
5860
5319
2259
7983
3540
65
1628
6368
9842
8419
9504
2767
6831
4374
833
7572
3031
5872
9196
7958
5562
8386
6389
7172
4709
2220
8932
9639
153
1476
5255
2471
8376
3371
2851
420
4972
8557
9758
6674
8688
826
4758
5150
7466
915
8169
913
369
88
5736
9855
2819
3963
4236
3286
5285
5879
9381
5119
7463
2992
3231
6332
3752
4159
2911
4719
5626
2028
2813
8382
1167
7199
3328
732
7683
2382
2283
3420
7864
9617
4314
9047
2887
4856
3254
4433
2719
9412
3531
9737
2679
9905
2355
3004
2415
9028
7646
5281
5489
2901
7029
9452
2791
7156
1443
3796
1312
2985
8614
9361
7239
5461
9882
4106
9705
7741
5328
5108
4100
7479
7637
7676
2661
7208
292
4794
1217
337
9570
1704
3806
7404
9139
3202
9766
4946
809
8131
144
9132
6677
8112
7729
221
1101
1900
4000
7031
1260
1655
4187
722
8499
1164
6036
1019
5164
4823
3522
6991
7672
5513
7444
1637
1102
1047
7304
4240
4363
2926
1482
2314
7677
2432
4051
706
4140
839
4043
4181
9524
7176
8444
2412
1071
8618
6620
8496
4207
473
786
1932
6761
231
9417
2988
6007
2967
7985
6135
1745
4079
4779
8459
5396
3235
2144
7784
7019
4715
8836
2055
6180
3966
8111
9496
8014
1467
7891
9707
1820
8483
6752
2120
6898
7282
6162
3381
7673
9246
3960
1234
7854
4265
6313
7027
6527
4982
8368
103
611
2263
1608
4194
1049
9104
6896
8231
7337
4510
9341
4912
936
4254
3117
7244
9201
3184
5706
105
4633
7410
2359
1997
2871
1294
5646
9912
1765
7398
283
7957
5464
1080
6773
5497
3264
6127
4859
5129
6638
6844
8190
5910
3703
2477
5316
4078
6448
4326
1323
3065
6547
2668
6436
3722
8221
7429
1385
4862
7438
4910
8750
9913
733
8285
3821
8466
9951
8709
5178
3688
3830
9021
1485
2344
2648
1207
3870
6931
2132
4869
6231
4926
4092
9056
849
9676
3432
7959
7345
1397
3900
6502
7510
9445
4418
4475
8358
4380
5408
8552
3642
7381
2225
6157
4422
3405
8154
7158
6957
6823
971
2792
5990
9861
8730
3272
7876
1488
4867
4708
9814
5412
9428
9573
6086
5864
9438
228
128
3140
8846
8783
169
5338
3323
5490
9005
7488
808
7217
6699
2826
4090
8251
5561
4785
1518
1325
4502
921
2778
4807
9103
2131
9365
4173
6835
3512
6830
725
8743
1178
8096
4948
3122
5480
9764
8394
8411
8284
4115
5999
4370
7562
7394
6924
3944
694
6586
4393
1201
1215
3252
9482
4188
616
2957
6480
7952
1545
4414
6097
7419
249
6721
8822
4831
9153
457
4618
785
6302
5889
2575
8417
8627
6933
6081
3716
8079
9398
6399
4018
889
6464
1393
6512
2335
8465
1441
6765
9507
4336
2093
780
6551
1970
1330
1838
9102
2732
6750
9785
7321
6341
1976
4276
5145
9318
1431
7618
4329
4185
8495
6311
8739
284
8854
1402
8602
5426
7064
4151
2621
6125
521
8500
312
1757
1967
7053
2435
9421
7653
4550
4204
1593
162
6329
4403
4531
5424
5372
4478
2253
3177
3435
6031
8994
983
6840
9622
302
5937
4994
8792
6523
9181
7485
7502
1303
5988
4683
1174
4528
3878
5180
1673
8647
7932
443
4228
575
6303
7781
5349
8841
6928
8877
2615
5418
4797
5572
9101
8418
9807
4984
8571
3042
2116
4041
2337
1126
8522
3899
7365
3397
6574
4450
2605
1238
8611
9826
3999
7454
7939
3406
5343
7474
2697
7328
4586
3059
6553
2870
3039
2445
6996
5504
3866
6265
5688
1392
8528
5574
5871
9717
5344
5615
8888
5984
6410
1463
3014
5112
2140
847
9701
6983
9502
8212
2103
3219
4815
2100
1522
2284
8772
7903
6867
1123
3095
9444
948
3330
5156
5254
6906
3523
2204
1781
146
5685
3448
2044
523
7799
763
1873
3807
6905
2852
7926
570
8896
5790
5603
2642
5406
2696
1398
349
9559
4208
3594
645
2703
890
4978
1128
1034
4703
626
8059
7005
3253
2582
646
6041
724
6370
382
9745
314
5531
429
7430
3998
7872
9037
8369
6648
9574
1508
7554
6119
6333
2994
258
9358
7298
2713
4008
8367
4865
2267
3167
8247
7543
8158
2718
8147
3888
3801
2249
5302
9958
2547
4200
8167
644
3763
5265
2297
2962
1504
795
4124
90
2958
8721
4396
1819
7234
8361
1764
1836
7452
4239
3699
8235
9394
769
6903
8533
7706
615
5113
2490
4278
7828
3410
6067
5639
8728
3926
5622
1892
670
7625
239
852
6200
3160
7590
4083
1729
8043
5610
8759
6479
3245
4985
4384
5920
7267
5004
5827
7135
9828
3724
5687
3347
122
6206
2188
5433
829
6848
8757
8549
7601
2764
8345
8917
1449
367
6955
596
553
6577
3282
2217
45
7996
5823
3690
6269
2518
7610
480
48
1291
4763
3312
1662
6560
5904
6322
5401
252
9509
2539
1669
9955
3679
8331
8069
6645
2566
8726
751
7967
2609
6141
7728
6033
2576
508
9984
8670
8745
2378
2350
96
9092
3555
1527
3626
1390
5681
1549
4546
4638
6172
2051
2399
6522
4372
2666
94
9219
8078
2564
715
4449
3983
6080
6429
1895
861
9283
872
6654
9450
9074
8107
2644
2457
3388
6948
5330
2717
3980
2446
2453
4210
3702
9661
2235
8532
4025
2640
8318
4322
7225
4600
1859
2702
477
4093
344
2684
8000
4692
7868
1355
267
5547
2816
5140
1056
9864
3694
6582
8326
8927
2654
7668
5225
2595
8066
9810
2580
7860
5217
1475
4583
434
8634
6374
5036
7862
6907
8508
6628
8662
7477
6421
1256
3559
3348
9721
2617
5472
6016
5451
1033
5778
1680
6599
794
4582
2657
4472
1904
6312
1649
1869
6783
7141
5037
9123
9453
734
6570
2167
4701
4052
6199
2238
4219
4544
5609
6072
8487
6278
5877
8940
1885
1223
6877
8148
6690
5906
2403
8991
3034
7971
3329
5135
6234
497
4805
991
9137
999
8316
4086
303
5011
9150
4713
3506
9598
195
6505
110
7245
4452
1267
1786
1949
7252
5250
8676
2507
3824
505
6358
7148
3901
7006
1874
6176
9693
2794
9774
2372
3968
3967
9170
4991
4009
5641
912
2952
5669
4917
5678
5436
1798
3020
6
6781
1596
9794
888
976
1332
7456
8558
1040
8914
250
1746
6564
9762
3074
7904
1732
579
1172
3808
4237
2166
9060
5924
1793
4003
8477
1889
5143
5916
4956
5224
7495
8073
4460
2417
2162
8390
86
8794
545
7772
4846
8349
1353
9880
4103
9506
8658
8109
8623
7780
2222
655
3655
8388
5800
5835
6622
9050
7130
8886
3565
5413
1834
1813
2464
3871
7033
7620
7351
512
5632
650
3382
3538
7970
482
3331
7237
4934
8961
1687
5595
193
7095
5448
6909
6005
1946
4339
4757
1086
4501
5933
792
3783
7196
6766
101
5766
5734
4031
5487
4327
7902
9714
8610
7786
4104
3284
5543
5548
5730
8297
7338
5381
9980
2165
174
3818
124
6217
8447
4279
2169
393
3114
1734
8771
214
9130
8077
269
9651
1021
357
7160
7132
7575
2402
3407
776
814
1387
3737
5116
7142
2023
6060
9615
5873
7695
8684
5914
8701
6078
6572
6106
813
5962
392
6538
4710
6680
7968
9895
2921
6637
1098
1434
6274
2590
8342
1973
2930
7412
467
1825
248
1414
7628
5814
894
8929
1689
6393
2821
9631
39
530
1089
2108
8223
5525
3423
2033
7977
9223
5698
3239
9857
8868
9046
3913
2519
3332
3137
1511
4010
9396
3299
9339
5973
8796
1536
8157
346
2768
9481
4381
1176
5389
7540
6603
6862
1558
176
770
3658
7801
561
1051
9815
1636
4766
5576
2176
2560
4286
4751
9042
4995
5934
6614
9095
9081
7403
3700
851
57
7049
4801
2745
207
4272
5348
9531
5111
2384
7545
8649
9715
137
6927
5006
9995
7805
355
5883
8268
555
3367
3578
6073
4527
2804
4871
4166
5511
4505
9118
6496
9253
5346
4812
9809
499
4175
2942
981
1537
1643
6524
1741
4904
1974
1440
2068
3422
6402
6702
3745
4147
2449
8852
8094
493
1317
9746
2843
4675
2940
7424
5707
4057
3923
9614
7788
5659
5663
3972
6956
5360
2089
6288
4290
4966
4769
8970
2706
5994
4799
9829
7921
6461
7611
5564
7375
2698
9385
635
3262
4073
9070
9235
9077
142
662
8217
6062
2170
7367
1286
9119
6856
5684
4026
7079
5821
5034
4999
2686
4068
7446
7504
7508
9572
7219
7261
1351
5364
3649
1364
167
1763
24
6974
3045
479
1065
3163
7670
2064
1251
9719
7105
7942
1650
973
4967
1699
5752
12
1728
2459
5682
989
8067
9097
6531
9998
1436
731
1625
5134
6019
9578
9280
6445
8176
789
7373
2239
8233
62
8746
9760
8723
9756
7169
9349
6686
5241
2007
8741
5288
9792
4740
9390
6275
3568
9308
1577
5636
6994
689
621
5794
9032
7702
3875
8957
4138
4937
1809
9780
3322
8753
7114
7034
5377
3705
6863
4664
6223
5974
7576
7740
7950
1721
6722
1150
8163
1438
4488
4681
3446
2273
7220
7268
7830
1605
5035
1239
4002
6801
4836
1883
1292
7587
2003
296
2280
5017
1142
8613
3403
154
8150
2586
9916
4884
8650
3133
9334
4971
9831
2510
6220
5700
7128
9642
2199
3340
8636
4152
9122
2362
871
4238
856
4728
9897
7837
2439
28
1193
7030
5289
6285
8105
3263
6885
1579
8718
109
3507
4682
3915
1715
7871
1831
8513
3595
5565
7955
2196
7900
6442
4886
5295
8116
3443
6676
2531
1877
3516
1993
161
6712
3956
528
9851
8323
4603
3922
461
7209
1811
6444
99
6209
8383
7749
6842
4289
3398
2808
3221
934
2858
2689
7651
835
4453
3945
2084
2329
8766
1930
6595
537
4097
8597
2448
2139
7354
3919
3504
1447
2790
6155
8640
5987
1371
4522
1494
3334
8248
5989
9910
9285
6665
1776
5467
6406
1719
9985
4543
2636
1148
2508
3149
1115
7941
7998
8208
6998
1446
8837
6015
1753
534
2037
8880
2973
187
8898
7273
7453
486
6734
7013
8702
8819
2056
5219
6482
2639
5128
6533
1661
5314
675
3036
6785
34
4705
7294
9599
3349
1457
1359
5174
9781
1277
8812
8758
6727
1054
5569
5118
1693
5596
1920
7230
8031
5808
1025
4349
582
4201
468
5520
1555
5478
8884
7975
6719
9040
5726
1601
9804
4596
8282
6369
4988
5982
5001
4268
2597
1043
4345
47
8863
1635
5721
7465
3571
8814
580
9860
4850
2899
869
959
3774
75
445
5069
6215
7317
2594
7716
4203
2029
4066
4702
3175
3640
2700
1560
21
301
3605
8226
7369
4145
2429
1916
5165
5121
1556
3001
9391
2863
7192
7857
7890
4942
5061
6583
1300
9635
8392
1448
5331
2237
3549
4480
1548
5793
7405
8034
7098
6634
5941
591
4342
4404
9743
4533
6873
6437
2504
6578
9816
411
8573
1979
574
3342
4861
4224
6986
5505
3936
8179
2035
9237
6459
1008
2659
5138
3436
9388
7824
3125
7561
2848
9017
8715
9927
4841
6880
5293
8018
1749
1963
696
6959
5391
5715
8314
6611
4654
1648
6438
5067
5758
3291
354
5362
4473
4651
3390
246
6814
2247
5345
4694
1472
2751
8693
9940
3906
2716
3785
1948
8864
4868
5350
2665
6259
9068
7714
7792
4084
9432
8440
7877
2086
9302
6068
6084
5601
7797
415
1202
2919
793
8767
3632
3326
6834
1510
1085
7039
5676
4524
7981
436
9187
4087
6481
8272
6824
728
2522
3429
9530
9788
4585
7021
9471
1318
6379
1279
3064
3680
3646
2840
4367
7391
8833
980
4117
89
1380
6403
6114
9268
7423
7524
2440
4578
6584
830
8
3795
5964
3638
5275
3601
2625
8471
9696
3411
6255
7283
9720
8321
9145
2704
8145
7531
1077
985
8829
7041
2939
3206
2624
8947
2148
4810
836
1867
7988
2936
9833
6414
3989
7487
3146
6405
5095
2400
3677
240
3457
2198
7905
5739
7134
5073
5157
5300
495
9523
3623
6914
5665
7874
2646
268
1743
8365
1190
3706
4487
7085
7004
6390
8560
609
5051
5704
6716
860
8455
325
2953
6546
1187
4394
2931
796
4269
720
2692
3158
5394
7605
8959
2272
4947
8108
414
8351
3776
5809
8430
6451
3964
1121
7163
9903
2951
5152
2731
5770
9848
413
8778
1829
7168
4520
5045
2146
5544
1796
428
8540
1445
4626
9079
824
4230
3454
282
1352
3997
5624
7469
1059
1686
8002
7003
4791
6361
7310
7010
6548
7638
1667
5210
4759
5593
843
2998
4190
7093
9325
5986
3971
9691
5935
5458
5431
7566
262
4749
5568
6111
9113
5777
4903
2163
3307
1145
6227
4040
3941
6498
3567
8639
1289
2709
1519
1858
6214
7359
2364
4308
9576
104
9013
8809
6287
2907
2062
3456
9801
1469
8446
2416
4227
3641
5473
613
9822
7101
506
6949
2601
5658
1169
8910
2963
9888
1266
863
3440
7589
6853
1925
5313
1185
4429
7432
2182
9658
1222
7680
397
1437
1198
9879
4640
8159
2543
5084
2986
3198
5546
2245
3678
1035
6203
2112
6043
2525
2996
8891
7542
9543
8907
7766
3503
8787
8648
4298
2369
6871
352
6559
4602
9483
7986
3341
1692
3152
4216
164
9588
1627
3889
3861
5303
8904
8222
4144
6669
7187
5858
2827
3416
2069
5294
4508
4878
6104
5103
5592
1466
6257
1379
3455
6144
5899
3762
5475
1001
7336
2948
418
2785
1268
2484
7814
6787
8548
9732
9603
6710
9135
481
8504
3461
2553
1063
9395
9893
3557
4771
840
4750
9054
549
2583
7472
8274
4706
8170
4614
4563
5253
9670
886
1590
3852
6617
6190
8851
1570
1055
7660
1894
3101
1899
3682
3189
1009
8717
1489
9291
7956
2293
8761
8997
8053
3106
5105
6497
752
7774
1572
9630
1432
73
80
8529
4960
9942
8519
3023
4484
8644
6704
7326
949
538
6650
216
9704
4686
5759
5141
2788
6960
6331
7829
6476
9886
6066
6514
7339
8705
5407
7436
7546
6985
592
787
7843
7184
1288
113
3391
8663
5831
2160
3874
3488
5537
967
9033
5958
1762
6371
1324
669
3757
9371
3570
9310
4234
4598
1048
7530
4196
4606
8872
4214
7745
3170
7748
6045
5977
1329
6892
9778
712
518
3505
6169
317
1849
4770
2670
7147
8126
8600
9966
1878
6280
799
8253
5008
2956
8229
705
2677
244
3654
2607
9324
965
9259
3186
929
8637
1125
9924
7915
7022
5124
6939
4745
1471
8260
9798
1050
8816
6607
819
3564
6273
8098
3159
7966
4746
2348
8534
5197
2133
6593
6246
6281
1690
7931
9869
8956
7522
7563
7648
3917
2178
2494
1368
625
8966
2292
1273
4206
1237
2354
4594
4949
7437
8317
845
1122
7773
9797
1573
3026
9968
1283
5229
2866
3850
5422
697
9085
2209
8824
3758
3372
5087
2803
3760
5388
9058
6441
9345
749
984
3621
5096
9611
1581
9945
4747
3833
1794
1349
7378
5215
386
1725
3572
4297
452
5443
8328
6500
3007
3698
4879
4558
709
7556
667
1514
9441
8978
5231
937
6723
3787
7528
1278
2468
7802
134
3528
3225
2766
7348
977
7126
6348
1513
7050
9167
5784
2269
8791
5021
5122
9121
8714
2516
4968
6758
7909
242
7573
4130
6051
1866
1499
1928
7806
9629
3183
55
7878
1685
1857
3127
8831
919
3333
2742
2004
1012
7930
8911
5516
9590
5202
7783
5014
1459
3266
2923
6129
7602
3104
8827
6400
9239
9035
2397
1478
8188
7980
3552
5919
5438
7831
1861
1042
1706
3695
9311
2908
3309
7177
9344
8916
5209
2833
3470
3015
5097
6170
3842
5555
6407
8490
8624
9407
7850
8949
4385
7228
9954
7647
5453
6003
5939
2441
9220
7588
4371
1140
631
8876
7636
5274
5052
8421
6380
1357
4462
2050
5261
5499
7807
1599
6869
5390
6485
5022
8853
6193
9791
7821
2240
3234
1004
791
8228
3667
3600
8603
9501
8655
4822
8551
9007
3645
6769
9749
4470
677
2024
6173
583
2388
1799
9681
527
822
5127
447
9276
8407
8409
2286
9125
974
9636
7804
1890
8952
8582
576
3918
1814
7399
6653
1110
1711
8087
6657
3124
360
1037
5153
3890
6503
5679
535
5588
5216
3379
1592
1564
6219
6184
8596
2109
2736
2927
3893
3093
5068
5894
7191
8044
8817
3546
1377
520
3362
1804
5066
439
7838
4058
2894
9518
9083
6221
6626
3969
3392
1372
6467
185
5450
9034
7684
1132
2099
1841
5420
9564
5240
9772
3734
1959
8850
5604
6534
517
3630
2383
4179
542
6589
4579
7073
8381
9225
9495
5839
3487
2557
8692
1137
448
2311
5711
9112
8900
4168
8104
2783
7709
6961
4704
4535
9322
1452
3793
6828
8117
7042
132
4285
1629
6970
18
6832
5532
4977
6810
9653
4183
8091
2451
5963
3378
5195
3652
4851
3840
6152
6597
9364
7548
9440
2279
9195
8194
1681
6474
3157
7362
8485
4945
766
3949
800
9919
8058
5232
651
7993
5950
6022
8442
6434
6290
6733
8576
295
3256
9423
841
4054
4229
2421
5386
8199
5020
3898
1688
9111
7117
8236
6174
7650
8155
2193
1301
2849
7231
3005
8912
5249
5252
8416
3530
3377
815
7649
4011
1344
56
6124
1557
612
9115
5528
6372
511
3051
2538
7246
8501
8825
6182
2759
3279
8867
3934
8437
1134
9494
6326
74
6039
9806
7761
2535
8219
1731
3376
7533
4331
32
7072
3244
4739
9307
1595
157
327
1076
112
326
8925
6163
2294
8348
6032
8015
3208
2892
6812
8308
1264
5341
2385
9379
4612
1701
8022
5291
778
2371
9777
3364
1891
8982
488
1310
525
7578
5767
8048
9001
1977
9299
1938
8672
9935
6470
7324
2105
9179
7580
7656
3294
3916
3704
4735
2164
6149
4782
774
4035
2712
2724
9029
3383
7461
1748
1971
7982
5337
7541
6804
4684
9593
9969
343
3868
1901
3651
41
9836
3375
1224
5031
4012
4722
8801
6338
8423
6267
8951
3822
6754
5357
4775
9366
9359
3373
2786
6484
8299
4893
3078
5120
8480
3510
3951
3203
6510
42
7938
1896
2408
1133
2502
8871
3276
7092
5884
5536
7090
10000
9287
666
6006
8720
1245
5190
3579
764
1061
8413
8707
2
3741
5223
4307
7880
1250
2694
3268
8335
9425
2398
9514
6539
3887
3314
1168
2419
8075
2393
8340
4432
8142
2206
8696
762
2063
9852
2676
7091
2106
3810
7123
2242
699
5139
1844
5892
5365
3361
4108
2173
4950
6196
5494
6239
8315
7206
1872
5799
4833
9963
7078
1640
8273
5072
8259
3829
1647
7755
7847
798
8878
3255
3782
6250
6601
1483
6118
2527
9373
1183
5716
7898
5927
6973
114
2305
9513
5905
1090
9586
9360
862
6660
8320
365
3814
5917
8626
1072
8883
3055
2846
5290
4762
2765
8686
8045
8919
5527
5142
7717
1824
9986
7840
6009
4212
4055
8400
6537
5523
3292
1682
1127
9959
1962
5414
2114
433
9315
2667
5273
3533
8306
8665
3246
4401
4096
1761
9248
2895
6613
768
4605
2828
7732
3111
6816
5743
6351
9541
533
3073
8164
2955
9166
954
5094
2018
7200
1738
5500
6967
4247
8563
572
3241
4839
3041
6881
5746
3002
6103
8357
1716
842
6108
4202
5104
5311
5965
8467
6711
9443
1933
6489
5248
7146
8181
4490
229
988
2723
6764
5751
8901
8399
5585
2511
3613
772
4951
300
7421
5192
6636
6307
1159
9422
3228
6692
5747
7599
1723
5272
5952
9684
6540
9106
3550
3750
9251
190
3144
911
601
7440
7721
6171
6701
2006
6691
8433
5932
8752
2074
9138
3088
2682
2266
8332
1143
7099
3399
956
4813
6718
7211
366
1074
3920
9288
7791
6772
5995
7236
7875
6740
2045
6447
7415
2155
5340
3024
1439
271
7025
1876
7074
6602
4888
3232
115
9734
4843
9692
3465
4901
5598
4129
8697
6244
2203
2213
3539
8139
4979
6571
9208
8330
5582
3086
7694
714
9027
3211
6875
8632
9206
5154
3728
5627
3434
8052
8441
1141
3985
935
1660
1792
3982
1180
1342
2192
224
6747
3802
1760
2856
3712
7008
3116
9753
8547
1744
2591
846
6102
9579
3748
9755
2850
6055
7534
2977
5727
5915
7835
253
5765
20
1535
1615
6886
7427
7361
5264
3779
8213
7450
9250
2061
9429
3142
2312
2905
4094
5852
9258
3753
4065
2278
2966
5710
1862
3025
6962
9240
4369
1670
5630
7659
3696
1969
6866
8802
4632
6212
2236
3537
9176
2984
1444
4135
2271
4941
7263
2683
3320
7076
5268
6465
8780
7923
9303
2822
1735
1386
4260
2934
6367
7823
1588
4538
290
2707
4324
7462
4383
8564
8989
5737
2189
8432
4781
3746
703
1248
6343
7238
1186
7720
2184
3609
2036
9328
5107
7782
4118
5039
5048
1424
8950
8937
1135
2980
4306
5492
1160
1696
7281
4724
926
8943
4365
7690
1698
53
5647
4491
3827
5147
8677
3952
4364
211
4284
7150
2830
1940
2122
8304
5449
1742
2949
233
9231
8468
3876
9426
1722
7925
1435
2623
765
1233
6499
1865
1395
5959
5057
3105
1450
3676
1960
687
4006
1785
5479
3535
5280
4263
7088
5530
925
9503
6320
2513
3884
2480
2444
6845
1226
2373
9550
2837
6148
299
7288
6328
6450
8793
6981
5753
2002
5623
6751
4515
746
9409
4980
5541
5787
6296
1111
8350
879
9679
5997
7538
1213
2216
6289
2210
3016
4644
3892
4195
1598
9297
2558
8056
9369
5617
9192
8537
1603
4325
1296
8082
1413
7068
3336
43
1922
5738
9463
510
1805
2995
2197
1671
5842
6115
223
2599
3413
8462
6112
8799
9592
6515
5321
3090
5786
8081
6683
2890
8396
4725
4928
2500
9273
7368
3110
5012
649
4111
2195
1759
335
6254
1427
1152
5911
2392
2443
6543
279
4898
6966
1327
2650
5795
7679
7776
8100
377
2409
640
1668
3188
2989
3683
8424
6925
9835
7616
6821
5005
4698
7138
7457
3681
66
6836
6240
6052
1584
6327
9862
618
3135
9198
1030
5720
1400
8287
5652
4676
3259
4424
9100
8019
5334
2486
1994
8908
2175
9604
9668
8960
9952
6396
8889
8999
2276
5079
4366
2924
7790
6342
8102
4361
6698
5834
198
4439
8144
6048
7873
2361
551
4172
7639
2970
2261
7623
5788
6964
9134
3165
1571
297
9904
8646
7584
5244
5570
3009
9026
3965
2818
5463
4617
1597
2252
4445
2864
8899
5670
6788
8137
1334
7785
1348
5089
7389
4932
6000
633
9155
4189
943
364
8025
2708
5581
3200
2254
4415
9977
3179
7071
9086
6627
4443
3780
4317
8474
3978
7401
4463
9698
9464
7571
1486
4755
4753
5645
5629
5925
7484
9768
5482
6963
7718
6833
7917
4282
2733
6138
950
4305
2334
9216
435
4120
9656
7849
4680
962
5560
7536
9757
7102
7707
2156
2228
6243
5502
3773
5612
885
454
4074
3285
4838
9456
9413
7947
388
8311
5309
9410
2118
6576
1408
1972
4795
4417
3451
5885
7017
4790
9827
1208
6477
6483
7769
2125
606
3265
38
3346
6940
5404
1654
4534
9011
2097
1107
5985
3210
1520
3032
5881
1401
8488
4464
5047
1717
2964
6878
8848
9747
5447
5908
996
5829
9098
6352
4099
210
6074
5432
8408
9675
7924
717
6922
5763
444
6321
3226
1394
7097
8327
2111
5148
9850
3220
3957
1316
398
4863
7070
6153
3717
6026
3669
9416
6976
5007
194
8252
987
7395
9436
665
8559
7532
5694
8706
5776
9697
8936
6386
4467
2207
145
3948
8405
896
7048
3079
2656
5649
2081
9041
2620
6017
4645
4126
4986
8740
4927
5495
150
1988
7888
3897
9431
3463
6363
908
1624
9368
6882
6888
1832
9936
3194
6915
5717
8903
5895
9499
3293
1490
2438
5540
941
7629
8249
5526
8695
1188
2233
4420
4987
1026
6382
4017
6253
7815
5557
7018
801
7377
209
8184
7270
3258
6664
3419
9129
13
3131
2224
7026
8027
5144
5954
6428
4358
9584
372
4642
9403
6720
6556
2847
6130
547
5234
775
3483
6453
2909
2302
9059
15
8635
6387
8360
5027
5755
7174
6565
9664
1797
8856
8060
4049
2015
8492
2107
4631
1512
7911
6630
8581
3939
5469
5214
5836
2782
1769
4613
6688
7870
226
2611
632
9067
5379
2974
4608
5807
199
2777
8874
8704
3092
7574
6297
6656
9202
4062
7241
2735
8546
3011
333
5220
1481
8035
972
1542
9602
9843
7045
873
7286
3631
952
5496
8810
5222
4225
9775
8205
6724
8039
7855
7592
868
9108
5983
2016
6455
9957
4021
6021
4881
7913
5579
1031
4110
6197
7622
2637
4352
3675
3412
6059
6953
7032
9887
7318
8120
9476
4405
2838
7353
676
3625
8593
5465
3145
4660
1936
2916
6001
3401
8049
7207
1691
5859
3573
6248
4560
2067
6457
9071
9632
2404
969
23
6552
6063
8815
9461
4685
4854
4045
7431
9982
2990
2243
4482
1674
3384
3472
5551
2258
5673
6272
119
4662
6304
3563
9377
9527
5256
9314
7366
9510
6053
1163
5151
489
638
9420
1419
5498
6491
4796
2013
7254
106
4164
6839
7633
3066
2315
6205
6625
5771
3061
7811
4936
2528
899
6323
2993
9740
8971
9991
7054
6671
6591
1815
5600
6466
5226
9799
6615
1129
3582
4223
1651
7167
9460
4311
7081
9266
7731
278
7061
2138
7586
5160
4512
4387
893
5967
8934
3592
9186
4821
8140
5897
8476
3450
7291
2340
9923
3500
6728
5740
4241
9723
5702
8438
5722
2285
2537
9281
4246
9539
1306
4116
1737
40
636
2499
318
9876
4718
3474
7953
8628
8561
1827
8092
2787
4652
475
9020
6952
8531
2230
9522
3103
9075
742
5189
6525
7037
8594
8218
405
7535
3929
7121
3593
6121
8398
3374
8153
6133
494
1713
7886
1538
5843
6346
7762
3108
9667
1961
951
804
5806
7470
6236
914
7893
2244
412
8790
2260
6413
9770
7568
4373
286
3290
4056
2758
9175
9151
1315
1078
4741
979
684
9282
7946
4048
6416
9983
6609
100
8587
4620
52
3693
8241
526
3589
2728
5613
6427
4248
634
7355
4347
5167
1767
1882
2960
7302
3296
4133
6069
6249
4007
6526
293
1195
5405
4072
4732
2082
8250
1322
1240
6854
1613
4998
5188
2520
22
673
9271
7494
6642
1415
2161
2982
5065
4142
6557
2578
2891
8074
5830
4292
7560
7691
3865
1254
4423
6038
3845
3466
9177
7796
5367
2085
857
1646
6803
8005
1533
3788
7372
3303
363
6042
78
2880
816
177
6117
5580
5385
8922
3914
6859
9190
4916
7685
6999
6826
577
8550
3869
3480
7704
9613
8516
6858
9116
1779
9008
3150
2250
8106
2290
1270
9878
6247
2722
9142
7669
1931
8538
2158
9892
9512
7312
966
1362
9610
7296
2010
257
6028
8427
3460
1582
1010
6463
9538
2460
7963
4717
4402
4622
6071
9944
7565
6975
865
7364
5444
8346
270
8996
6208
2749
1644
3123
1139
7787
9014
9474
4530
1378
1020
9562
4493
713
5816
2652
6116
26
700
2910
9773
588
81
7012
8518
678
6207
4231
163
2727
2912
5320
3068
4428
5855
8123
2151
5725
3668
1361
4592
8948
459
3288
7100
8828
730
8246
7737
5619
5762
2123
7768
6790
2179
5221
3953
1007
3778
1319
5869
3933
307
9900
5637
353
316
5559
6335
2039
3817
165
6568
9329
6213
7965
5383
2365
9457
8523
6968
8918
557
8902
9149
5486
9404
147
5304
4802
6356
1830
7258
3991
1822
1
7413
7240
9627
5237
3770
3393
4918
5942
3119
5696
9738
3837
1067
605
6946
8450
1911
3281
8143
3139
9516
8372
1382
8482
2226
6375
1789
7688
6829
4844
7897
2825
6010
7340
5462
9312
8449
3789
25
7162
44
320
9293
273
9376
3357
963
2281
5902
8300
3129
9565
6211
9171
8736
9930
4899
5324
3656
5208
6398
6091
2052
2533
7188
8629
3172
9204
5539
4628
6794
998
6012
7343
8207
3118
6279
7608
126
6890
7300
7036
7940
3544
2310
9898
277
4634
9971
7920
7606
5589
9666
9568
1953
3614
6511
2746
2881
4299
6004
875
6014
58
449
8855
8010
6778
5442
7161
1104
6161
5638
750
9975
5943
2043
7665
6520
680
7038
2212
2627
9
5731
8666
8926
3484
5893
5271
1958
8012
1003
3447
4655
5200
1665
1642
3113
9877
4034
7393
7044
313
4921
1374
9933
5359
4328
4435
740
1893
5155
6189
9663
7724
403
7407
2425
8643
8806
8305
9722
8101
1120
6401
6419
5382
1331
2556
8768
7180
1756
4496
9710
4193
8656
2671
218
3151
716
7511
7189
8389
6796
1989
1714
6605
4721
2610
7654
8384
4924
9511
3107
5
5854
695
6825
6554
1707
5409
5760
7060
1100
4847
2904
4134
6606
7527
7583
1000
3052
8556
7396
2202
5173
111
8732
5091
6154
2805
4368
7216
4436
3355
6911
1633
8765
5944
3178
4883
3732
992
1934
1870
3851
9053
7657
7471
5131
4880
6818
4637
6179
4182
2760
9114
8084
1422
8574
7063
909
2313
831
9332
5672
2090
781
7614
9099
7929
8942
7382
5323
5460
4571
5374
8577
2771
4832
823
8998
6899
9298
758
9467
8804
9272
6652
3583
2823
7810
3854
4334
9752
623
5270
6140
1774
6549
6315
2710
9290
3130
265
85
4669
4752
4574
3201
753
3771
955
6784
7743
1066
8232
6030
7598
5166
3518
5703
5563
9964
8860
9657
3608
3772
4876
8294
3673
6689
7122
1036
200
3547
9932
7247
524
6661
8029
9356
2975
5745
9189
6147
8366
9374
5909
9931
8734
8554
2802
2584
4970
1610
7248
2031
9252
1282
3053
8964
4818
2186
6044
3520
9472
4319
4330
970
9620
276
5785
3635
1826
2947
9140
1370
4485
2935
2680
8842
9901
2971
5468
500
8336
63
3973
8798
3974
1773
4389
9528
3812
143
5998
1493
8301
1780
4723
3799
9397
3838
543
9262
9690
491
168
9677
7555
6643
9000
6941
8051
5695
8216
4667
5635
3584
2809
7171
4136
9023
4137
1458
9941
3577
8968
9036
4653
6749
8938
8664
6768
4911
6849
4590
1290
3077
8619
9654
9263
9782
8887
1539
8710
5801
3187
2379
9582
6391
5296
8200
6929
7417
8539
6271
8240
9096
9304
8258
5369
9999
5789
1530
9435
484
7164
2070
7674
7455
8569
5798
3561
904
3610
3425
2330
2124
682
3180
4434
5238
4499
7057
7758
8202
3566
8038
3811
7778
1093
6099
1197
9619
7994
7256
3853
9090
2386
1700
5194
8974
3921
5133
1517
2981
569
9532
9881
362
9953
8206
1653
2750
4419
8214
7757
6608
5878
5608
1927
9222
564
2748
4359
6580
3663
3467
2474
6424
8177
5810
322
2270
5970
6555
2436
1425
7139
2688
8151
9084
4647
3327
1433
4513
7165
4070
8566
3879
9943
4047
748
2150
2831
3418
77
219
9449
619
8567
4053
125
3426
7140
6355
8210
2177
8011
266
5980
9418
8671
771
8296
4599
4778
7103
5276
8135
9993
170
910
6619
821
3569
4816
8484
3
581
4526
8319
4897
8097
6629
9863
7278
4729
4459
9016
5370
9184
8763
9289
1119
708
378
7266
648
1609
1683
4154
5352
1045
4170
7635
4992
8118
1622
189
6631
5257
1712
1909
4591
9380
7255
1787
6738
8138
9647
8975
6228
5423
7332
8003
3521
4354
6166
9485
544
308
3324
2012
5466
7513
2635
9624
1523
516
573
7202
1846
743
1554
9682
2181
6693
9555
7943
1500
9790
1800
1175
1130
9621
7664
3402
1092
8001
3433
2587
1321
4677
8535
9405
2352
2401
1983
374
6670
178
2058
5953
2501
4082
9209
2467
8149
5484
1216
2747
9763
8517
513
1206
5961
7733
2606
3908
5633
9355
2153
7696
471
6792
205
5398
7195
1939
599
2183
735
1232
1816
8215
4619
3657
2604
2526
5013
1750
5549
6775
7016
3437
1070
7820
3815
3624
3836
1069
8113
3012
380
686
8180
6324
2976
5575
5534
6150
6846
4906
9548
3343
2130
5918
2032
2937
4828
4548
3666
6050
7292
4695
5781
6618
6035
180
3548
5567
4587
1358
1995
2430
4184
5476
7643
9547
7630
2339
3445
1453
3138
1153
6305
7111
4455
5972
7360
8270
802
7848
8954
5082
7406
6501
8355
7383
3087
6283
9609
6519
9689
9044
3556
4390
4131
4872
7316
1011
9994
6857
6594
8754
9914
8237
6894
4737
5611
3271
8197
3864
590
9010
3725
6092
7218
1304
6077
6908
661
3431
2945
9109
33
3076
7763
8774
5828
9750
4085
817
1980
1454
1013
4877
1002
1956
5218
7314
8295
120
8843
10
6902
9451
2602
4392
1099
1044
5797
807
6658
7697
8324
2589
6923
844
6277
5395
2423
7595
3345
6264
5485
2896
1262
4894
8530
9716
8818
7882
6624
2307
4569
2366
8608
5130
2619
116
4143
3526
990
7935
2868
8839
72
2592
2701
8913
5749
9891
6808
4990
4720
1954
5693
4834
685
6023
6350
9178
4882
9162
6293
6301
828
1981
2493
3684
5566
9650
4885
6930
2529
4221
232
4663
9386
7346
8375
2434
7775
9581
2861
8173
7400
2726
2889
2232
4061
9437
7825
4476
6979
4252
3414
6767
7607
6736
9907
1022
8263
3154
1210
9922
4397
8429
9218
2834
5597
692
1487
1147
2363
2915
6685
978
7434
2057
1926
9183
9554
9972
1350
718
9596
7058
6951
668
1630
5768
8861
9665
4348
6383
7067
7112
5171
7883
5169
6633
6649
8379
6345
4738
381
501
7619
2641
8257
8995
8195
727
7214
2972
5509
376
9840
4255
3754
659
6791
5550
2514
2845
2478
419
7842
3524
8993
5100
4244
173
779
8289
3497
1587
6706
2542
4734
6777
2406
5230
9212
585
6737
9709
6158
4511
610
9049
876
7170
1726
4451
5605
5322
6771
8224
7503
589
9739
9211
3643
8445
9242
7581
1219
5182
2929
1184
1823
3529
8281
7363
6298
298
5862
901
1087
3791
7682
6705
9295
2000
4288
1388
2264
2752
6646
179
4309
1950
8054
8776
4661
3109
1941
7481
131
3661
2811
7152
5662
539
4908
522
6087
8286
328
2628
6684
1871
4957
7358
1484
3267
5851
2324
3400
6404
8256
957
9536
8906
4029
3311
567
6938
7789
6516
350
3662
4774
8510
8338
6159
5025
6980
6639
4409
4842
5826
6532
2322
7113
4413
5796
5098
1708
9238
891
7991
6394
8565
7357
6917
9830
8344
5040
5375
5028
5185
8784
6425
7344
2115
1491
230
7119
9350
3046
964
1918
9626
1399
5701
1023
1677
3765
3257
7846
9845
7439
8036
3823
3318
683
5058
7999
4938
2282
4042
7708
2072
2754
5553
9655
3035
5896
2658
3636
3040
3709
2897
2690
4338
8592
5853
8988
3800
9144
9348
4320
7603
7667
409
9274
8653
8068
8279
5132
2524
7567
1733
7798
8460
1417
9557
6851
5508
4765
4931
7047
331
5093
2824
6054
5030
5305
2655
4919
3195
6943
1898
1875
4059
1136
3961
2147
8412
7306
7295
6143
6667
1843
496
9158
4609
1705
1978
3162
5099
6433
8469
1657
8716
3515
7617
8264
7655
5660
3250
8984
321
5586
7009
5196
4611
1354
2798
1112
458
1694
8570
2027
6926
8475
6191
7411
6110
4610
368
9488
6145
8275
9662
4430
7597
2886
4158
37
8494
2596
384
1340
8699
9751
1341
3647
1337
5491
9659
1194
3618
7280
6420
8893
8584
8633
4914
6210
423
4148
3708
1209
8515
2869
3713
3493
5949
1461
9326
7051
9987
7544
340
4666
9030
8737
1751
5297
7451
7441
4588
7262
160
8687
4523
5955
6695
9839
6763
7645
7077
1532
5591
674
9533
9255
5207
3366
8885
6418
5510
6575
3820
9458
7678
5723
2695
8030
883
5456
4809
8779
7827
2660
5123
4446
9771
2577
9292
2779
898
4186
4896
2720
6713
3439
3809
1768
8378
1752
1309
8820
8463
3000
3721
7525
5804
84
4539
9648
7703
8088
6969
8334
9062
9856
6735
1812
514
3358
6088
4788
7832
784
7157
3444
8373
8992
2857
7264
3344
1821
4412
9918
8589
2088
5571
8278
9323
8426
7107
9024
9820
1118
7468
7853
2076
5812
5857
1347
9974
4540
7201
6105
9362
9173
7936
5506
1073
4509
3743
7116
5136
3660
1171
9161
6353
759
8023
2932
4958
2351
1617
5315
9646
2755
4773
2102
4064
98
1079
8185
5996
4517
3277
6188
1755
3648
7800
400
2917
9537
3959
1231
3907
6891
5327
1516
3236
7517
1546
9296
1242
4665
9128
334
8420
1710
4824
3751
6776
7272
2781
7143
6458
7767
3514
7056
490
3896
3862
4907
4458
8694
6493
7569
8698
6486
7356
7166
5434
3471
548
7459
8785
7089
188
4687
5106
8625
3664
3826
2101
203
6384
8458
4281
4046
2618
8729
3082
5803
7812
7609
9808
4952
8397
6282
2796
4386
4398
4378
6426
1553
1583
6714
6443
1113
6588
5819
7735
6700
1777
3128
2374
1863
4199
867
192
7308
171
3050
3902
7505
5416
4162
4691
7186
3542
1666
4258
6920
8921
4351
4441
2663
6258
1199
7845
8545
4597
8679
624
1580
8524
9917
3063
259
2463
7652
5538
8578
4519
3872
5667
2893
5137
2928
4442
7082
3911
1578
2691
5425
7919
6120
719
7204
9254
2119
6422
3428
8110
5733
3368
7242
7856
7414
7884
8363
2631
1038
6678
7730
4177
907
4044
2812
7499
4479
2839
4536
5779
6020
4313
5278
8261
6462
3325
9069
4165
2521
5301
149
6972
5719
2737
643
5614
5329
5732
8175
4489
1736
387
7075
7178
7154
882
130
5042
8024
8134
729
6590
5062
7379
2925
6822
6672
9805
2651
3102
7490
2418
3672
4346
5170
6855
1046
587
2497
7523
9625
2149
7390
6263
3062
1626
2773
4529
642
1082
4733
1551
1015
2306
2083
4593
4835
4712
4
5815
2326
7443
9608
3627
7626
1585
3970
2180
5991
558
2345
2740
2879
3464
6843
3168
7426
4806
2458
395
1880
1917
9321
848
9270
3857
6820
3735
2022
1182
7752
4547
3132
4266
9672
5050
2141
1383
8464
6431
46
6475
3909
7501
9136
7330
9199
4101
1803
4764
5363
4800
6635
8486
897
3057
7131
460
2121
7887
3931
1559
721
5041
6860
6708
4014
183
6755
2091
7771
3438
4191
7447
4233
5761
5074
827
9146
9498
9824
6662
2571
6529
2979
3691
5421
6233
8292
5481
2066
8013
336
1569
1470
6989
9597
3637
7133
7125
6238
1363
6837
5235
6864
5818
3586
7896
8393
9725
7307
5114
4032
8845
5535
2699
8291
2877
1912
797
1639
4555
4929
4253
9515
9479
339
5898
8775
6673
9408
2920
9157
1146
7475
5683
2540
928
3726
9174
1249
9976
4996
2291
7478
9591
8262
5049
1173
9126
1384
1416
2944
8009
2647
3134
8130
504
9493
8764
6181
7129
5046
4171
8406
1952
1659
4469
6921
7124
7476
6435
3606
8152
30
8667
2126
3924
603
404
3449
550
1860
8756
3233
7979
1521
3072
2632
8491
850
8244
8722
5573
7007
2744
641
892
2873
306
3790
4711
6632
8402
4825
9163
9091
4892
3227
7418
9143
6268
1314
3481
7826
5163
8858
9928
288
6682
2498
5038
117
4081
4456
3169
4589
2342
3174
5024
446
3096
4873
3855
3617
679
6113
141
5205
870
1406
5792
4071
3298
5607
2757
2265
4849
4243
133
9383
7693
9105
3633
8568
5010
5003
8203
1606
1942
118
4890
8047
8385
6528
6883
7910
2215
1477
4088
923
245
4220
4251
6024
4889
2622
1261
6872
3792
7547
6697
8731
492
5674
2331
3218
6982
3839
7585
2715
1810
5298
9045
881
1052
4232
2776
4335
4557
453
6819
5849
2797
895
8391
9148
8193
9708
2842
8307
3996
7866
5262
1149
241
4629
4304
7739
9645
3021
4027
5891
1155
4293
3049
4870
560
4205
8277
4636
9727
5901
1921
4887
707
939
9748
4549
8782
9065
1095
737
3486
4581
5347
6137
6468
1096
8788
2042
9990
5318
7416
9415
7675
6679
7817
6827
2806
7770
1365
3781
4565
9217
5907
7661
2784
5380
3197
4156
2395
8681
465
469
9342
8652
6988
6049
8946
358
4826
16
653
1937
8857
7498
11
1879
4005
315
1782
5242
9188
2389
7226
4218
6064
5616
887
1576
3395
6095
7719
1144
9131
6478
5773
7723
9320
9883
5783
1131
7933
5876
3650
9352
7046
8590
1525
6984
9818
9849
6965
9489
6760
7579
5115
2999
4226
5514
186
8905
4264
5168
5267
1396
6879
3018
1274
5149
7754
8598
3495
565
2959
2807
7803
3089
6100
9680
309
5477
9454
7179
7497
3511
5692
4209
2096
6122
5075
8920
1638
6536
8751
9711
9264
1600
6397
2512
6156
1451
4280
1041
8703
4197
291
8007
9823
1196
8976
3067
7666
7615
9925
9844
8095
5146
6198
1376
9261
7322
9241
1177
7526
8125
7185
9384
1534
8364
3659
5446
7596
7795
7727
2014
3588
6089
515
838
6739
9939
9215
1497
5975
1014
5945
5519
9470
7066
2127
726
4477
760
5735
3634
6978
1982
6850
5236
8930
2616
6889
6566
9929
9459
2375
2321
4716
3243
3321
3984
8849
9819
8616
9902
8127
7285
8183
1795
9462
6411
6561
3777
1305
8453
8435
3834
7492
1612
4959
9724
385
7908
1905
1945
747
3209
1032
519
6376
2933
4123
8439
4858
7137
9306
456
5813
2256
3173
1181
4552
6887
995
7865
5584
6260
6950
3596
6085
8915
9484
470
1864
4160
6807
3581
3099
8359
4466
1884
5233
2978
604
8478
4525
7593
2343
5054
6990
3883
946
8931
9847
4786
9674
6294
6079
7960
5063
285
4658
8354
942
1502
1117
8520
7409
4287
6545
6364
68
6076
6018
5680
6446
5618
3499
3120
8873
7537
7182
3803
1091
8238
4866
236
3947
993
2738
2357
9623
1907
6715
1097
3986
7726
9088
9838
4497
1297
6286
9330
6123
7978
7644
9230
6308
8748
7374
4902
9553
7223
9915
8403
7313
755
9194
2600
5279
6987
1505
5361
4521
7464
254
2092
3452
5026
503
2598
8280
3350
2049
3905
931
6357
9015
4853
8461
8981
4275
4974
7371
6918
7028
8085
1966
783
4303
7062
1915
710
1421
9207
660
820
5938
4615
5757
4076
3100
3551
6395
3224
1403
3335
4015
6034
6061
4820
272
4944
1791
6204
1837
4333
7808
1366
7751
4022
476
2319
9243
14
6314
3671
6362
7327
7222
4649
8525
8196
9191
5384
2001
4864
9120
8187
8541
767
3715
6805
8245
7962
3217
2190
1623
5948
1501
711
3238
7277
9649
6780
159
2515
8124
4256
2841
5213
102
7293
8840
4776
9575
7699
5866
4310
9165
3903
29
227
7624
1586
1404
9703
5956
6430
7713
3477
529
6507
4670
8821
9643
3283
5415
1423
4814
5440
8371
1727
6366
7934
2469
9612
3360
7918
608
8302
4028
2487
6047
1574
4604
50
3976
6318
7402
2633
5922
8255
3193
5033
4993
2965
1429
9327
1062
3353
2832
2968
1328
4060
5742
9783
3247
8481
3502
3308
9267
135
1526
6703
4768
8033
9411
7279
9233
1658
9894
9812
8254
3856
1225
7997
319
9795
2559
1663
4457
1083
6340
6651
8986
6623
7863
2390
2567
8422
7175
5355
8309
7215
3882
3935
9277
4793
136
4648
5455
3489
3873
2865
2427
2581
1287
421
1672
7747
36
1373
8353
6225
6934
8615
9744
4388
2442
1503
9354
4562
5332
4340
5714
9735
4498
6731
4242
9257
5992
4259
4215
2875
3545
5811
478
5445
3714
6256
8830
8050
7392
6971
2157
1914
8377
7422
2137
9699
3352
196
2902
474
2407
5260
2550
9718
2810
7951
4672
9004
4176
329
4656
3037
498
2903
4817
6330
9205
2943
5848
4860
8890
9713
7227
920
8881
1675
6417
7221
