99999
99975
99974
99969
99962
99961
99924
99923
99916
99916
99898
99892
99887
99882
99880
99873
99789
99784
99784
99783
99773
99771
99764
99753
99751
99734
99724
99722
99718
99706
99704
99692
99689
99688
99675
99667
99642
99642
99612
99595
99592
99587
99579
99561
99541
99540
99537
99523
99514
99508
99505
99502
99491
99481
99458
99453
99444
99423
99415
99398
99388
99374
99371
99355
99335
99299
99297
99277
99275
99263
99247
99245
99241
99237
99229
99226
99220
99208
99195
99189
99187
99173
99167
99161
99153
99124
99121
99119
99119
99117
99088
99080
99051
99008
98996
98991
98990
98962
98958
98941
98933
98931
98914
98861
98833
98832
98816
98803
98797
98784
98773
98768
98752
98749
98748
98746
98742
98740
98739
98722
98700
98687
98686
98672
98670
98659
98657
98614
98610
98605
98604
98601
98598
98596
98573
98558
98550
98525
98519
98510
98509
98493
98487
98481
98481
98480
98476
98470
98460
98443
98440
98433
98430
98391
98387
98379
98376
98370
98367
98360
98351
98334
98308
98298
98276
98263
98260
98256
98246
98215
98212
98207
98204
98202
98193
98184
98180
98179
98137
98132
98125
98121
98112
98111
98084
98083
98082
98075
98066
98057
98043
98037
98030
98028
98020
97987
97985
97975
97974
97967
97963
97953
97953
97949
97928
97928
97913
97908
97895
97895
97864
97860
97849
97830
97829
97828
97802
97776
97762
97759
97747
97728
97725
97716
97709
97709
97706
97703
97696
97691
97682
97682
97673
97648
97622
97586
97557
97550
97539
97514
97514
97511
97509
97499
97485
97479
97474
97467
97463
97462
97456
97447
97441
97439
97434
97427
97418
97416
97405
97399
97396
97368
97359
97345
97335
97321
97305
97278
97277
97275
97273
97249
97248
97236
97233
97232
97232
97227
97223
97213
97200
97180
97178
97178
97160
97151
97146
97128
97122
97115
97109
97106
97103
97099
97096
97065
97056
97047
97034
97032
97028
97024
97000
96969
96952
96952
96920
96913
96910
96902
96897
96886
96877
96864
96864
96855
96853
96849
96846
96838
96789
96780
96775
96771
96764
96755
96743
96740
96737
96733
96726
96726
96723
96700
96697
96688
96677
96670
96650
96646
96635
96627
96621
96602
96598
96565
96557
96548
96541
96538
96537
96534
96534
96533
96532
96501
96492
96486
96481
96469
96465
96454
96414
96407
96402
96393
96387
96370
96353
96352
96352
96313
96311
96307
96282
96279
96278
96272
96263
96237
96211
96197
96182
96178
96139
96134
96133
96122
96115
96096
96088
96082
96073
96057
96030
96023
96002
95999
95997
95990
95985
95980
95970
95914
95902
95884
95874
95870
95857
95856
95846
95834
95818
95814
95812
95805
95799
95785
95783
95773
95741
95722
95683
95674
95662
95647
95644
95643
95625
95617
95616
95580
95570
95569
95557
95551
95548
95540
95540
95539
95523
95506
95499
95495
95485
95477
95464
95459
95458
95450
95440
95437
95410
95403
95399
95398
95365
95355
95346
95337
95332
95314
95312
95297
95291
95288
95270
95268
95267
95262
95262
95250
95248
95247
95240
95237
95235
95222
95220
95218
95214
95209
95204
95202
95147
95120
95115
95083
95070
95053
95047
95038
95037
95025
95014
94971
94968
94946
94936
94932
94909
94900
94873
94869
94852
94851
94829
94822
94820
94820
94808
94803
94802
94801
94784
94780
94775
94775
94759
94757
94755
94743
94735
94706
94701
94701
94697
94679
94678
94650
94634
94597
94586
94581
94576
94566
94544
94534
94522
94522
94520
94513
94490
94490
94486
94478
94454
94450
94449
94447
94434
94433
94429
94422
94420
94418
94414
94401
94387
94382
94379
94376
94367
94365
94364
94344
94344
94317
94310
94303
94263
94240
94238
94232
94223
94215
94205
94195
94192
94153
94132
94131
94131
94099
94097
94087
94084
94072
94060
94050
94038
94037
94031
94003
93984
93980
93971
93963
93963
93953
93946
93944
93937
93916
93904
93900
93885
93866
93863
93834
93820
93819
93819
93802
93776
93768
93764
93751
93741
93740
93738
93733
93727
93714
93711
93711
93697
93696
93693
93675
93670
93668
93652
93631
93631
93615
93610
93578
93566
93563
93562
93553
93547
93545
93544
93535
93529
93475
93471
93442
93409
93393
93382
93379
93378
93369
93358
93357
93345
93344
93342
93336
93335
93329
93329
93308
93282
93267
93260
93259
93253
93246
93184
93181
93170
93166
93166
93155
93153
93143
93133
93129
93125
93113
93082
93078
93070
93054
93052
93047
93047
93044
93028
93027
93018
93013
93008
92951
92946
92946
92924
92923
92912
92909
92899
92895
92882
92879
92871
92870
92868
92865
92852
92840
92839
92829
92820
92819
92811
92807
92807
92799
92796
92787
92786
92781
92781
92772
92767
92763
92754
92748
92743
92729
92717
92710
92707
92706
92703
92703
92686
92670
92665
92657
92641
92633
92627
92611
92599
92593
92590
92589
92562
92560
92558
92546
92539
92524
92521
92505
92504
92491
92451
92443
92435
92426
92415
92411
92405
92397
92380
92373
92373
92359
92340
92326
92323
92322
92308
92301
92301
92294
92283
92281
92271
92266
92245
92240
92230
92228
92218
92215
92184
92170
92165
92151
92134
92123
92121
92120
92067
92053
92052
92038
92027
92024
92003
92002
91968
91965
91955
91953
91942
91928
91919
91907
91879
91852
91823
91812
91785
91779
91776
91772
91747
91745
91740
91738
91716
91715
91714
91712
91688
91688
91685
91685
91674
91672
91669
91655
91623
91619
91611
91591
91587
91586
91581
91579
91572
91568
91567
91562
91547
91541
91528
91527
91516
91514
91506
91493
91490
91483
91475
91470
91465
91454
91442
91436
91435
91424
91419
91389
91383
91379
91366
91353
91335
91329
91314
91305
91299
91297
91282
91277
91273
91270
91240
91232
91225
91215
91207
91207
91196
91196
91182
91146
91144
91134
91130
91122
91120
91119
91107
91037
91028
91027
91019
91009
91006
90983
90971
90963
90960
90950
90945
90937
90930
90923
90911
90897
90892
90877
90874
90836
90833
90823
90802
90802
90790
90762
90757
90754
90744
90726
90724
90722
90715
90709
90707
90701
90700
90698
90689
90680
90669
90652
90648
90634
90627
90621
90589
90587
90584
90582
90579
90574
90566
90564
90539
90535
90521
90520
90511
90507
90505
90501
90450
90443
90401
90401
90394
90378
90373
90372
90368
90290
90283
90280
90270
90265
90261
90255
90245
90238
90237
90235
90216
90204
90199
90194
90181
90181
90157
90146
90144
90131
90128
90128
90125
90123
90122
90112
90085
90084
90081
90069
90035
90025
90019
90012
89993
89992
89979
89976
89966
89958
89951
89937
89933
89925
89920
89898
89897
89889
89887
89876
89867
89845
89845
89807
89804
89788
89783
89774
89773
89768
89764
89758
89757
89729
89729
89706
89702
89676
89659
89623
89606
89589
89570
89556
89531
89508
89507
89497
89481
89458
89458
89457
89455
89450
89434
89425
89403
89376
89368
89361
89361
89356
89330
89296
89294
89272
89272
89271
89257
89249
89247
89233
89231
89221
89206
89201
89195
89191
89148
89138
89136
89133
89128
89114
89113
89105
89086
89085
89073
89071
89062
89053
89048
89026
89021
89016
89014
89011
89008
88997
88989
88985
88984
88974
88947
88946
88919
88917
88908
88891
88885
88858
88846
88820
88788
88787
88785
88783
88770
88770
88758
88751
88749
88746
88709
88705
88675
88667
88665
88663
88638
88632
88629
88625
88617
88611
88587
88584
88577
88576
88558
88557
88552
88549
88542
88538
88532
88517
88514
88508
88484
88479
88478
88470
88466
88459
88456
88454
88439
88419
88413
88394
88387
88384
88376
88362
88351
88347
88339
88334
88331
88322
88308
88303
88287
88283
88282
88259
88236
88235
88223
88211
88203
88194
88189
88170
88168
88161
88160
88160
88159
88117
88114
88091
88072
88057
88054
88045
88042
88039
88038
88037
88034
88032
88022
88014
88010
88005
88004
87999
87989
87978
87975
87966
87938
87932
87932
87931
87928
87925
87906
87901
87897
87876
87876
87860
87838
87822
87807
87805
87794
87789
87783
87781
87775
87774
87763
87750
87723
87707
87706
87703
87701
87690
87684
87670
87643
87642
87639
87634
87631
87629
87620
87618
87617
87576
87572
87548
87502
87490
87474
87453
87444
87442
87440
87434
87421
87421
87419
87386
87376
87346
87344
87339
87339
87336
87325
87320
87302
87288
87278
87273
87271
87263
87263
87256
87239
87238
87227
87218
87214
87206
87196
87182
87176
87174
87173
87172
87129
87126
87126
87122
87074
87069
87065
87058
87058
87030
87027
86996
86988
86982
86956
86950
86923
86921
86920
86908
86907
86905
86902
86889
86888
86885
86880
86845
86844
86832
86812
86801
86797
86793
86754
86736
86734
86719
86716
86705
86675
86663
86652
86643
86640
86638
86627
86615
86615
86579
86578
86577
86568
86539
86514
86506
86486
86463
86458
86447
86445
86434
86428
86406
86405
86400
86394
86391
86389
86379
86378
86347
86330
86319
86309
86299
86297
86277
86276
86262
86229
86228
86209
86206
86204
86189
86185
86160
86143
86140
86138
86132
86125
86124
86086
86084
86077
86072
86044
86005
86000
85989
85983
85976
85972
85963
85955
85932
85908
85886
85880
85863
85862
85857
85851
85847
85846
85840
85830
85826
85818
85798
85793
85786
85779
85768
85739
85731
85730
85720
85715
85714
85696
85689
85681
85680
85677
85664
85659
85650
85648
85642
85633
85626
85625
85623
85598
85592
85591
85589
85587
85572
85570
85560
85542
85535
85509
85504
85500
85496
85488
85483
85476
85474
85458
85456
85451
85430
85416
85408
85394
85392
85391
85382
85381
85373
85337
85323
85303
85300
85299
85296
85287
85286
85285
85284
85270
85268
85247
85243
85218
85218
85212
85212
85208
85206
85205
85193
85182
85181
85179
85177
85159
85156
85154
85142
85136
85123
85112
85104
85082
85080
85064
85063
85056
85028
85020
85006
85004
84992
84981
84976
84964
84939
84938
84934
84932
84929
84922
84906
84896
84875
84874
84873
84868
84864
84863
84846
84842
84836
84817
84815
84812
84809
84795
84791
84790
84787
84784
84781
84773
84770
84758
84743
84726
84721
84714
84691
84691
84679
84673
84668
84647
84644
84641
84637
84636
84603
84596
84582
84563
84558
84551
84542
84531
84527
84520
84515
84502
84499
84490
84479
84476
84461
84461
84457
84450
84439
84425
84412
84404
84395
84392
84384
84378
84368
84363
84334
84328
84322
84320
84307
84295
84273
84263
84243
84226
84219
84214
84191
84187
84181
84164
84163
84161
84093
84075
84073
84072
84061
84060
84049
84040
84032
84032
84023
84017
84012
84008
83997
83978
83975
83974
83952
83943
83923
83916
83914
83906
83879
83877
83877
83865
83859
83826
83810
83802
83790
83786
83770
83767
83763
83750
83748
83743
83741
83741
83734
83708
83698
83681
83676
83665
83662
83642
83638
83636
83631
83627
83616
83597
83594
83593
83586
83580
83575
83575
83573
83569
83563
83559
83533
83526
83499
83486
83481
83469
83469
83454
83448
83443
83442
83438
83428
83398
83390
83381
83378
83373
83372
83369
83364
83349
83320
83311
83302
83300
83264
83259
83259
83249
83243
83224
83223
83212
83205
83198
83196
83195
83195
83184
83160
83145
83134
83126
83125
83108
83105
83104
83101
83100
83049
83041
83037
83019
82985
82962
82961
82941
82938
82937
82920
82909
82903
82883
82877
82864
82863
82862
82855
82842
82830
82825
82816
82809
82806
82804
82788
82752
82750
82738
82721
82699
82697
82694
82694
82669
82663
82643
82631
82623
82622
82608
82606
82605
82600
82562
82549
82545
82543
82537
82534
82534
82534
82526
82524
82521
82518
82491
82479
82474
82471
82469
82445
82443
82431
82430
82380
82364
82323
82308
82297
82282
82272
82256
82247
82247
82246
82240
82234
82175
82159
82158
82150
82120
82118
82111
82099
82088
82077
82061
82046
82043
82040
82031
82013
81998
81994
81992
81971
81947
81947
81937
81916
81893
81892
81871
81864
81851
81850
81845
81842
81839
81832
81828
81828
81820
81816
81806
81766
81750
81749
81745
81744
81723
81719
81718
81717
81699
81699
81698
81695
81692
81686
81647
81643
81631
81623
81622
81609
81606
81602
81600
81599
81595
81593
81573
81568
81563
81535
81534
81529
81525
81519
81517
81514
81512
81511
81510
81456
81448
81421
81418
81415
81414
81413
81396
81388
81386
81380
81378
81377
81326
81315
81291
81290
81265
81261
81257
81254
81223
81221
81213
81195
81191
81189
81181
81176
81168
81148
81144
81143
81113
81102
81101
81087
81083
81073
81068
81057
81055
81050
81048
81021
80992
80979
80965
80964
80950
80945
80932
80921
80915
80887
80876
80864
80862
80847
80842
80832
80830
80820
80818
80812
80806
80792
80786
80779
80771
80769
80766
80752
80730
80723
80709
80686
80681
80616
80615
80601
80559
80548
80542
80542
80539
80530
80526
80517
80509
80502
80495
80481
80472
80461
80454
80432
80427
80426
80416
80415
80399
80392
80379
80377
80377
80367
80346
80342
80333
80322
80309
80292
80287
80263
80256
80250
80247
80244
80227
80220
80218
80203
80188
80173
80153
80152
80149
80148
80143
80141
80130
80110
80103
80102
80092
80091
80080
80072
80055
80053
80046
80039
80030
80001
79971
79964
79961
79955
79953
79950
79948
79943
79941
79909
79909
79898
79896
79895
79867
79859
79851
79841
79799
79797
79765
79754
79746
79741
79739
79734
79712
79687
79659
79652
79649
79648
79646
79646
79643
79629
79617
79614
79598
79596
79591
79590
79589
79584
79543
79539
79526
79485
79474
79470
79470
79458
79456
79450
79448
79440
79433
79431
79420
79413
79407
79406
79404
79402
79398
79394
79370
79363
79361
79356
79350
79345
79342
79325
79311
79310
79309
79304
79272
79271
79271
79255
79240
79229
79222
79216
79205
79194
79181
79159
79156
79143
79136
79133
79132
79127
79109
79092
79063
79056
79047
79043
79038
79036
79015
79014
79013
78982
78972
78953
78948
78934
78933
78926
78912
78908
78905
78901
78892
78881
78876
78873
78868
78859
78858
78855
78852
78840
78828
78812
78808
78763
78740
78725
78703
78696
78693
78683
78682
78659
78643
78643
78641
78632
78607
78603
78591
78585
78582
78531
78529
78526
78513
78507
78491
78490
78479
78476
78473
78466
78459
78448
78431
78424
78420
78411
78400
78395
78389
78379
78367
78355
78343
78343
78334
78330
78325
78309
78307
78305
78298
78297
78289
78273
78268
78254
78246
78237
78223
78197
78181
78179
78177
78177
78172
78169
78168
78146
78133
78125
78115
78113
78109
78107
78104
78101
78080
78075
78063
78057
78049
78046
78043
78038
78029
78006
77986
77973
77971
77967
77935
77909
77896
77876
77866
77866
77862
77846
77843
77813
77812
77805
77801
77798
77798
77782
77772
77765
77752
77732
77730
77728
77726
77722
77720
77695
77690
77667
77666
77646
77643
77629
77629
77605
77598
77587
77576
77570
77570
77551
77549
77547
77544
77544
77527
77517
77515
77506
77498
77496
77490
77488
77485
77442
77441
77423
77417
77413
77398
77381
77372
77371
77369
77365
77338
77337
77330
77311
77308
77306
77284
77279
77276
77268
77250
77240
77240
77224
77221
77213
77205
77189
77188
77185
77183
77178
77177
77176
77175
77167
77137
77111
77108
77107
77069
77067
77041
77040
77032
77016
77016
77012
77004
76988
76986
76980
76976
76970
76963
76961
76948
76946
76932
76925
76905
76903
76897
76878
76864
76849
76849
76848
76844
76836
76833
76828
76802
76802
76787
76784
76773
76773
76760
76756
76751
76748
76747
76703
76688
76681
76677
76673
76662
76659
76652
76644
76640
76629
76625
76615
76610
76573
76561
76559
76556
76555
76534
76529
76526
76526
76522
76514
76507
76491
76486
76483
76477
76476
76470
76439
76436
76434
76429
76413
76412
76404
76404
76403
76395
76354
76329
76297
76296
76289
76268
76234
76220
76214
76203
76198
76189
76184
76183
76178
76167
76165
76155
76115
76111
76104
76097
76096
76090
76069
76062
76057
76053
76048
76034
76027
76025
76002
75998
75989
75988
75959
75954
75944
75932
75927
75926
75922
75900
75900
75900
75885
75880
75879
75868
75865
75848
75843
75831
75830
75814
75810
75795
75782
75759
75758
75755
75748
75722
75714
75701
75685
75667
75652
75638
75634
75623
75613
75606
75580
75575
75573
75570
75540
75538
75523
75523
75519
75513
75497
75490
75489
75483
75470
75469
75457
75445
75445
75444
75425
75415
75413
75392
75391
75390
75385
75365
75356
75343
75343
75333
75327
75317
75315
75302
75270
75269
75263
75262
75232
75225
75215
75212
75189
75189
75160
75149
75136
75135
75132
75117
75109
75098
75093
75090
75069
75060
75040
75019
75012
75002
74985
74958
74953
74935
74934
74930
74925
74921
74912
74904
74901
74882
74876
74875
74858
74848
74830
74814
74811
74784
74783
74781
74776
74758
74729
74726
74709
74698
74689
74675
74672
74663
74632
74624
74616
74598
74594
74571
74568
74561
74538
74536
74535
74520
74519
74517
74507
74501
74499
74476
74459
74416
74414
74411
74395
74376
74367
74367
74349
74348
74332
74325
74316
74315
74307
74297
74282
74254
74247
74234
74232
74222
74192
74179
74157
74140
74129
74126
74123
74121
74094
74088
74085
74056
74046
74037
74025
74023
74010
73997
73987
73987
73938
73932
73929
73929
73914
73908
73907
73903
73885
73876
73865
73854
73839
73832
73826
73824
73822
73821
73819
73807
73800
73799
73788
73761
73747
73743
73725
73713
73712
73702
73684
73673
73669
73647
73641
73625
73620
73597
73592
73581
73577
73559
73547
73528
73527
73516
73508
73505
73503
73497
73496
73476
73472
73465
73457
73438
73435
73422
73415
73382
73366
73363
73351
73346
73324
73296
73292
73291
73286
73282
73281
73274
73273
73271
73244
73230
73226
73222
73219
73211
73197
73197
73196
73194
73180
73155
73154
73134
73131
73128
73121
73121
73117
73070
73066
73063
73061
72991
72979
72974
72965
72959
72958
72957
72953
72952
72940
72928
72906
72906
72894
72879
72875
72874
72870
72860
72841
72835
72827
72785
72774
72748
72744
72718
72716
72690
72673
72669
72652
72649
72639
72608
72603
72587
72576
72572
72565
72561
72556
72550
72544
72542
72537
72535
72516
72511
72485
72484
72469
72465
72453
72424
72411
72410
72407
72392
72392
72373
72369
72364
72357
72342
72340
72301
72296
72295
72287
72284
72270
72261
72251
72244
72235
72219
72218
72215
72205
72194
72177
72163
72152
72134
72133
72129
72119
72111
72110
72109
72108
72104
72098
72097
72092
72091
72080
72073
72071
72056
72045
72040
72039
72014
72008
71972
71949
71932
71888
71885
71884
71871
71869
71868
71867
71850
71836
71835
71823
71814
71810
71793
71787
71784
71780
71772
71769
71763
71754
71747
71745
71741
71736
71715
71710
71706
71702
71688
71682
71675
71670
71667
71664
71655
71653
71637
71625
71611
71607
71603
71595
71588
71587
71573
71564
71550
71549
71545
71539
71539
71525
71524
71524
71517
71495
71484
71467
71459
71449
71440
71439
71435
71430
71428
71411
71408
71404
71395
71387
71377
71371
71370
71364
71339
71337
71328
71301
71298
71277
71273
71266
71266
71261
71243
71225
71210
71208
71201
71197
71166
71136
71131
71100
71090
71084
71078
71067
71063
71059
71059
71056
71042
71005
70997
70988
70983
70960
70949
70940
70935
70930
70923
70920
70916
70915
70905
70900
70895
70889
70886
70880
70868
70865
70818
70816
70809
70805
70787
70781
70778
70770
70759
70757
70749
70745
70738
70722
70708
70693
70679
70669
70638
70622
70603
70546
70540
70530
70523
70517
70516
70499
70489
70485
70485
70481
70469
70457
70441
70437
70417
70416
70415
70402
70395
70389
70380
70371
70361
70356
70349
70346
70332
70331
70318
70269
70260
70258
70255
70253
70246
70230
70227
70215
70205
70190
70188
70181
70162
70153
70148
70129
70096
70088
70078
70076
70050
70049
70042
70021
70018
70012
70011
70001
69985
69974
69968
69956
69951
69939
69932
69931
69908
69895
69893
69884
69881
69869
69849
69846
69825
69816
69813
69778
69774
69774
69762
69761
69749
69748
69746
69733
69726
69711
69707
69677
69652
69647
69644
69637
69632
69627
69622
69609
69602
69601
69593
69575
69574
69559
69556
69534
69530
69522
69521
69515
69509
69496
69442
69438
69438
69434
69430
69429
69424
69414
69411
69409
69407
69401
69391
69391
69374
69369
69354
69353
69343
69331
69327
69323
69317
69292
69283
69269
69261
69258
69257
69257
69251
69232
69204
69196
69187
69183
69176
69161
69149
69142
69127
69125
69103
69096
69082
69078
69072
69070
69065
69057
69053
69045
69040
69028
69022
68993
68980
68949
68923
68902
68891
68856
68843
68843
68829
68823
68808
68799
68778
68775
68775
68769
68754
68753
68749
68744
68738
68737
68729
68695
68695
68693
68678
68671
68667
68648
68593
68590
68588
68574
68570
68559
68556
68551
68527
68484
68484
68457
68447
68431
68430
68421
68399
68386
68381
68349
68346
68333
68325
68319
68317
68315
68306
68304
68304
68292
68284
68279
68274
68272
68251
68246
68233
68217
68196
68160
68141
68126
68119
68106
68104
68098
68095
68093
68081
68078
68071
68028
68019
67998
67984
67970
67959
67954
67944
67943
67931
67931
67930
67929
67918
67915
67896
67875
67860
67859
67837
67817
67804
67793
67785
67780
67774
67773
67762
67754
67752
67724
67723
67716
67682
67677
67656
67655
67632
67622
67594
67560
67559
67525
67505
67463
67458
67439
67436
67420
67403
67395
67393
67368
67368
67340
67319
67314
67305
67297
67295
67294
67292
67287
67271
67270
67233
67220
67218
67193
67180
67167
67157
67154
67151
67140
67135
67129
67116
67115
67091
67076
67076
67071
67069
67047
67041
67038
67035
67034
67017
67009
67001
67000
67000
66995
66992
66990
66985
66982
66975
66960
66934
66926
66922
66922
66896
66875
66859
66837
66828
66824
66821
66801
66796
66784
66766
66758
66746
66744
66740
66731
66729
66714
66707
66700
66687
66683
66683
66674
66667
66648
66644
66637
66636
66620
66620
66614
66614
66610
66593
66585
66565
66563
66561
66544
66533
66529
66510
66507
66505
66497
66492
66484
66472
66469
66461
66437
66410
66409
66399
66398
66393
66389
66387
66370
66355
66341
66337
66333
66294
66284
66283
66271
66270
66267
66266
66259
66255
66255
66245
66218
66215
66213
66187
66149
66147
66134
66123
66117
66111
66083
66063
66060
66041
66037
66033
66024
66005
65969
65964
65944
65914
65910
65908
65880
65877
65877
65871
65868
65841
65836
65819
65786
65775
65763
65763
65756
65748
65737
65731
65712
65710
65706
65699
65694
65684
65665
65663
65644
65637
65630
65624
65623
65619
65610
65608
65608
65604
65598
65596
65594
65583
65558
65554
65521
65516
65510
65490
65488
65482
65481
65468
65467
65456
65451
65442
65423
65418
65411
65406
65392
65387
65380
65375
65369
65367
65357
65351
65351
65324
65298
65284
65269
65265
65260
65254
65231
65219
65219
65215
65202
65194
65193
65184
65176
65160
65142
65131
65131
65130
65128
65118
65116
65112
65112
65110
65108
65103
65097
65097
65052
65044
65021
65016
65013
65011
65010
64999
64993
64987
64985
64977
64974
64950
64934
64905
64896
64892
64889
64883
64874
64849
64847
64841
64822
64813
64775
64773
64759
64758
64754
64744
64743
64742
64714
64713
64707
64706
64686
64683
64652
64642
64622
64618
64616
64595
64588
64585
64582
64577
64577
64569
64558
64558
64557
64555
64552
64539
64515
64490
64484
64472
64460
64457
64448
64441
64426
64419
64409
64366
64349
64313
64301
64271
64267
64267
64262
64260
64252
64242
64240
64240
64226
64219
64205
64200
64191
64179
64178
64163
64151
64144
64139
64117
64116
64107
64095
64091
64087
64076
64069
64062
64057
64045
64036
64030
64028
64025
64017
64014
63988
63985
63974
63966
63944
63937
63930
63929
63909
63904
63877
63869
63859
63854
63851
63851
63842
63841
63835
63834
63817
63783
63774
63762
63719
63710
63704
63701
63688
63664
63663
63663
63652
63643
63629
63590
63566
63559
63557
63543
63537
63525
63488
63487
63472
63468
63457
63439
63437
63434
63422
63412
63386
63386
63377
63371
63357
63357
63342
63338
63334
63317
63307
63283
63283
63275
63263
63256
63252
63245
63243
63185
63146
63119
63114
63080
63077
63075
63073
63065
63049
63023
63015
63007
62991
62984
62978
62978
62977
62963
62952
62936
62935
62927
62920
62919
62907
62894
62894
62889
62886
62876
62873
62866
62848
62838
62837
62833
62830
62821
62816
62811
62806
62794
62787
62774
62766
62752
62749
62746
62718
62692
62690
62655
62643
62641
62620
62614
62614
62587
62572
62564
62552
62546
62537
62537
62531
62517
62504
62494
62486
62485
62465
62455
62434
62433
62431
62403
62392
62391
62389
62371
62346
62336
62318
62305
62304
62297
62269
62259
62253
62238
62236
62222
62221
62194
62190
62175
62165
62164
62158
62140
62135
62113
62113
62110
62105
62101
62082
62071
62048
62044
62036
62032
62029
62027
61992
61990
61986
61958
61957
61941
61933
61871
61821
61806
61802
61802
61796
61785
61777
61774
61765
61754
61746
61746
61735
61705
61703
61696
61676
61673
61663
61661
61646
61602
61598
61596
61586
61585
61572
61561
61551
61541
61524
61519
61516
61490
61488
61474
61467
61460
61446
61442
61434
61412
61412
61388
61383
61336
61331
61327
61315
61306
61303
61299
61289
61281
61279
61278
61269
61265
61263
61255
61241
61226
61222
61212
61208
61202
61200
61192
61191
61156
61143
61140
61139
61136
61132
61132
61121
61099
61085
61083
61077
61071
61066
61045
61039
61039
61035
61034
61032
61020
61012
61010
61002
60994
60989
60973
60968
60963
60960
60954
60951
60941
60940
60920
60893
60879
60863
60855
60835
60822
60807
60802
60793
60784
60784
60777
60768
60756
60749
60749
60735
60720
60677
60667
60660
60642
60631
60625
60618
60608
60597
60576
60538
60508
60507
60506
60494
60494
60484
60484
60484
60479
60478
60473
60465
60463
60462
60456
60425
60423
60422
60402
60400
60398
60384
60375
60363
60363
60355
60350
60333
60328
60284
60274
60264
60181
60181
60177
60173
60109
60108
60108
60103
60092
60087
60085
60057
60051
60039
60029
60018
59979
59974
59972
59968
59958
59954
59952
59939
59934
59924
59916
59892
59881
59863
59856
59852
59848
59842
59839
59833
59824
59820
59819
59799
59780
59754
59737
59731
59731
59716
59705
59696
59696
59686
59680
59678
59668
59656
59654
59633
59627
59614
59614
59609
59586
59585
59584
59584
59554
59544
59541
59527
59526
59484
59484
59477
59449
59448
59443
59439
59430
59407
59403
59401
59398
59373
59361
59357
59337
59320
59318
59317
59295
59280
59263
59257
59252
59251
59243
59235
59232
59219
59211
59203
59200
59194
59162
59153
59124
59104
59103
59076
59074
59073
59071
59050
59046
59026
59025
59003
59003
59000
58984
58983
58976
58974
58966
58964
58963
58948
58932
58903
58894
58889
58874
58873
58870
58863
58853
58818
58816
58812
58804
58793
58785
58780
58778
58764
58762
58759
58758
58757
58752
58747
58716
58703
58692
58679
58669
58661
58645
58644
58630
58619
58615
58608
58588
58569
58553
58540
58539
58516
58510
58505
58505
58504
58502
58497
58488
58485
58464
58450
58443
58386
58385
58385
58379
58353
58313
58311
58305
58296
58296
58287
58281
58273
58265
58243
58238
58233
58215
58213
58210
58185
58174
58167
58149
58144
58126
58107
58086
58064
58063
58057
58056
58023
58013
58008
57996
57994
57992
57972
57971
57967
57939
57923
57920
57918
57902
57884
57881
57870
57862
57853
57851
57850
57842
57820
57815
57800
57789
57777
57774
57764
57764
57763
57761
57760
57759
57741
57732
57730
57729
57720
57717
57695
57677
57671
57666
57656
57643
57635
57624
57619
57619
57612
57603
57592
57589
57584
57568
57533
57532
57530
57528
57528
57520
57518
57515
57492
57492
57487
57478
57470
57467
57464
57460
57460
57458
57456
57452
57450
57431
57427
57426
57424
57422
57395
57394
57388
57355
57346
57343
57321
57317
57301
57299
57290
57284
57279
57271
57259
57250
57233
57233
57230
57226
57224
57210
57210
57204
57168
57163
57157
57155
57142
57141
57138
57137
57115
57112
57111
57109
57104
57091
57067
57067
57038
57029
57025
57024
57016
57005
56996
56994
56974
56967
56958
56952
56944
56928
56924
56924
56918
56908
56902
56888
56880
56871
56861
56852
56811
56803
56781
56775
56767
56748
56714
56708
56704
56687
56669
56665
56657
56639
56631
56624
56617
56611
56600
56585
56568
56555
56550
56550
56535
56533
56510
56509
56498
56497
56483
56470
56468
56464
56456
56450
56449
56436
56404
56399
56386
56358
56357
56343
56343
56339
56330
56329
56305
56298
56289
56281
56273
56272
56250
56247
56241
56239
56229
56215
56206
56205
56164
56141
56132
56117
56103
56095
56083
56083
56073
56062
56059
56057
56053
56052
56019
56006
56005
55989
55986
55980
55976
55969
55962
55957
55940
55934
55906
55897
55889
55884
55880
55874
55857
55849
55838
55837
55829
55829
55817
55811
55782
55779
55760
55737
55729
55702
55677
55665
55663
55662
55662
55651
55645
55631
55620
55591
55587
55574
55573
55560
55542
55514
55514
55508
55506
55497
55466
55466
55462
55462
55450
55441
55430
55424
55416
55410
55409
55408
55406
55404
55392
55376
55370
55358
55358
55344
55335
55322
55313
55295
55289
55248
55242
55242
55239
55237
55233
55211
55205
55196
55193
55193
55190
55190
55182
55175
55159
55154
55133
55131
55130
55122
55116
55105
55103
55089
55081
55061
55057
55057
55057
55046
55028
55013
55010
55004
54993
54980
54973
54958
54956
54937
54930
54930
54915
54902
54901
54894
54894
54890
54888
54888
54869
54867
54859
54856
54839
54837
54836
54809
54807
54807
54803
54796
54788
54763
54763
54755
54740
54734
54732
54725
54720
54698
54678
54674
54663
54655
54648
54637
54635
54631
54594
54577
54575
54574
54572
54558
54552
54534
54511
54505
54494
54493
54492
54482
54475
54474
54459
54452
54448
54428
54420
54417
54393
54365
54360
54354
54330
54307
54290
54270
54269
54265
54252
54248
54239
54232
54206
54202
54199
54186
54171
54165
54152
54127
54123
54120
54112
54097
54095
54091
54085
54084
54049
54045
54044
54012
54011
54008
53986
53973
53970
53958
53957
53929
53918
53917
53912
53910
53910
53907
53902
53869
53868
53856
53852
53846
53833
53823
53819
53816
53793
53780
53771
53759
53758
53723
53716
53701
53701
53693
53686
53680
53678
53651
53627
53610
53609
53607
53605
53595
53550
53548
53538
53507
53498
53496
53462
53454
53453
53452
53450
53446
53445
53441
53435
53429
53405
53398
53394
53387
53378
53368
53353
53351
53334
53332
53320
53319
53304
53296
53295
53273
53263
53255
53248
53244
53240
53218
53217
53210
53209
53200
53189
53172
53167
53164
53160
53146
53124
53117
53106
53105
53098
53090
53089
53065
53064
53055
53035
53021
52995
52965
52965
52961
52943
52942
52942
52939
52928
52924
52918
52907
52895
52889
52873
52868
52866
52860
52851
52849
52845
52836
52835
52813
52788
52774
52758
52752
52737
52726
52719
52681
52675
52660
52656
52634
52628
52626
52616
52615
52609
52604
52596
52595
52591
52579
52573
52572
52572
52571
52568
52565
52563
52552
52547
52531
52526
52520
52513
52512
52494
52491
52489
52485
52485
52477
52472
52467
52462
52430
52390
52387
52375
52364
52353
52337
52330
52328
52326
52323
52316
52304
52303
52295
52293
52277
52270
52269
52266
52263
52253
52237
52232
52222
52215
52211
52198
52197
52189
52182
52178
52168
52165
52150
52115
52096
52082
52074
52074
52071
52060
52060
52057
52054
52046
52037
52036
52032
51986
51983
51978
51974
51968
51961
51938
51935
51931
51910
51909
51898
51893
51883
51855
51847
51842
51816
51815
51799
51791
51783
51783
51771
51758
51736
51734
51733
51717
51707
51700
51691
51688
51687
51682
51658
51642
51641
51637
51628
51625
51624
51604
51603
51595
51580
51565
51562
51553
51549
51534
51533
51513
51506
51492
51489
51487
51479
51477
51476
51475
51462
51450
51449
51441
51439
51392
51381
51374
51360
51355
51351
51342
51325
51305
51272
51205
51193
51185
51144
51114
51075
51073
51073
51071
51071
51065
51064
51049
51036
51035
51030
51027
51020
51014
50997
50991
50989
50984
50982
50974
50964
50962
50958
50957
50955
50953
50945
50919
50914
50914
50901
50901
50898
50883
50847
50845
50838
50832
50825
50824
50821
50799
50790
50787
50785
50781
50769
50769
50758
50751
50732
50731
50726
50713
50672
50668
50668
50653
50650
50641
50614
50612
50607
50583
50563
50559
50550
50549
50503
50471
50470
50450
50425
50415
50396
50394
50382
50356
50349
50343
50335
50334
50316
50309
50309
50277
50276
50266
50259
50216
50175
50167
50164
50107
50092
50090
50085
50080
50067
50052
50051
50039
50030
50025
50024
50012
50011
50007
49984
49979
49977
49969
49963
49954
49953
49949
49925
49923
49917
49898
49883
49881
49878
49867
49858
49848
49847
49831
49828
49819
49813
49806
49792
49772
49751
49739
49716
49699
49680
49661
49656
49650
49649
49648
49636
49632
49618
49604
49601
49595
49595
49587
49586
49568
49560
49545
49518
49504
49427
49425
49412
49411
49406
49406
49401
49389
49385
49381
49367
49355
49344
49332
49320
49318
49313
49301
49301
49298
49298
49298
49295
49292
49244
49242
49212
49192
49169
49163
49156
49111
49107
49104
49102
49096
49051
49037
49030
49023
49009
49003
48988
48976
48940
48938
48935
48928
48922
48905
48904
48896
48891
48886
48886
48882
48875
48873
48865
48853
48831
48827
48810
48807
48793
48779
48770
48761
48750
48711
48693
48692
48688
48687
48674
48671
48660
48653
48648
48647
48644
48621
48611
48605
48591
48581
48576
48575
48561
48552
48545
48536
48534
48534
48526
48508
48505
48503
48489
48483
48463
48449
48444
48439
48433
48413
48404
48397
48356
48353
48352
48336
48310
48288
48284
48279
48277
48269
48251
48246
48238
48230
48227
48225
48208
48192
48180
48179
48177
48171
48164
48160
48156
48154
48134
48131
48127
48119
48113
48110
48107
48107
48078
48071
48066
48008
47999
47999
47986
47984
47979
47976
47965
47960
47945
47938
47930
47928
47923
47918
47915
47911
47910
47909
47907
47901
47898
47890
47884
47879
47879
47873
47854
47845
47843
47826
47806
47802
47794
47790
47786
47779
47750
47724
47724
47719
47714
47712
47704
47690
47674
47669
47644
47641
47635
47630
47619
47617
47612
47604
47588
47586
47573
47571
47570
47567
47526
47514
47496
47494
47481
47467
47460
47455
47453
47450
47449
47430
47416
47405
47388
47386
47380
47371
47353
47351
47340
47317
47290
47287
47280
47270
47260
47255
47247
47246
47235
47211
47182
47179
47161
47158
47144
47144
47117
47109
47089
47079
47056
47054
47033
47030
47026
47006
47000
46998
46992
46987
46986
46979
46966
46956
46943
46933
46919
46907
46893
46865
46864
46863
46860
46858
46852
46850
46850
46843
46843
46837
46821
46817
46798
46790
46788
46786
46782
46768
46748
46746
46732
46726
46722
46720
46719
46713
46701
46682
46677
46669
46662
46658
46653
46643
46640
46640
46634
46632
46632
46631
46623
46617
46602
46599
46586
46578
46577
46573
46555
46513
46502
46501
46498
46491
46468
46467
46466
46461
46455
46437
46421
46421
46407
46374
46371
46350
46308
46301
46290
46277
46256
46253
46253
46230
46201
46196
46187
46179
46172
46168
46160
46148
46104
46098
46085
46083
46067
46044
46037
46029
46023
46019
46018
46015
46015
46012
45971
45952
45942
45920
45913
45904
45897
45863
45861
45845
45837
45828
45811
45779
45768
45765
45759
45736
45728
45725
45720
45716
45695
45695
45694
45686
45685
45680
45674
45669
45647
45643
45572
45571
45547
45545
45523
45521
45517
45508
45503
45491
45474
45471
45463
45456
45453
45444
45433
45429
45425
45425
45405
45401
45399
45399
45398
45395
45385
45362
45361
45348
45345
45344
45342
45332
45327
45315
45314
45310
45301
45283
45267
45266
45250
45225
45210
45198
45196
45192
45188
45172
45165
45151
45149
45134
45102
45102
45092
45087
45067
45063
45052
45031
45024
45023
45020
45012
45010
45007
44999
44967
44960
44930
44902
44897
44889
44888
44882
44878
44871
44870
44866
44847
44846
44826
44803
44799
44794
44773
44767
44753
44745
44738
44735
44732
44710
44695
44692
44650
44649
44635
44623
44612
44610
44610
44595
44592
44591
44589
44579
44537
44521
44509
44501
44493
44487
44436
44425
44389
44377
44332
44311
44291
44283
44279
44275
44271
44265
44257
44253
44249
44243
44214
44213
44210
44193
44178
44164
44125
44107
44082
44082
44069
44065
44056
44050
44041
44033
43977
43972
43961
43960
43958
43954
43931
43930
43902
43881
43876
43868
43863
43837
43834
43823
43822
43819
43817
43802
43792
43785
43763
43746
43735
43729
43729
43719
43718
43693
43692
43683
43678
43655
43653
43644
43634
43628
43592
43590
43580
43575
43562
43562
43559
43539
43531
43521
43512
43508
43502
43472
43466
43460
43458
43458
43428
43417
43398
43395
43391
43387
43381
43378
43362
43340
43331
43321
43316
43297
43288
43281
43268
43260
43252
43250
43243
43240
43238
43230
43189
43188
43187
43185
43176
43163
43158
43134
43112
43109
43102
43102
43100
43098
43094
43090
43086
43072
43065
43060
43057
43041
43036
43023
43019
42992
42981
42980
42958
42952
42933
42896
42893
42889
42881
42872
42865
42863
42862
42852
42848
42843
42839
42809
42788
42780
42765
42760
42756
42754
42745
42744
42722
42711
42694
42689
42675
42669
42659
42657
42648
42637
42635
42622
42611
42601
42597
42580
42573
42568
42544
42537
42535
42519
42515
42508
42504
42493
42470
42468
42461
42451
42447
42444
42439
42438
42433
42414
42388
42382
42374
42359
42351
42345
42333
42328
42321
42312
42312
42310
42309
42297
42277
42274
42264
42256
42247
42232
42223
42209
42204
42203
42169
42167
42153
42147
42146
42144
42134
42127
42103
42101
42088
42059
42050
42033
42027
41988
41975
41974
41951
41944
41940
41939
41937
41933
41922
41920
41905
41892
41889
41883
41882
41871
41868
41862
41860
41853
41817
41814
41804
41802
41801
41800
41798
41787
41785
41768
41740
41706
41703
41703
41680
41668
41666
41664
41664
41653
41636
41634
41632
41626
41625
41618
41602
41596
41579
41557
41555
41555
41554
41551
41550
41549
41546
41519
41512
41512
41509
41504
41503
41495
41494
41493
41492
41471
41461
41458
41454
41413
41390
41383
41379
41377
41375
41364
41363
41362
41348
41337
41322
41312
41298
41262
41253
41242
41241
41228
41226
41224
41218
41197
41196
41189
41188
41182
41176
41166
41147
41146
41134
41132
41131
41121
41115
41100
41090
41081
41072
41069
41058
41054
41049
41046
41042
41029
41026
41019
40997
40975
40971
40970
40961
40959
40921
40903
40901
40898
40898
40868
40865
40850
40835
40823
40815
40812
40806
40802
40800
40799
40789
40754
40744
40740
40714
40703
40695
40681
40673
40656
40633
40633
40628
40591
40589
40585
40578
40575
40570
40549
40539
40530
40525
40523
40516
40514
40513
40503
40474
40468
40454
40445
40433
40417
40409
40374
40347
40342
40335
40331
40324
40322
40317
40306
40300
40295
40291
40271
40266
40246
40241
40222
40182
40167
40163
40147
40143
40135
40130
40122
40114
40111
40078
40048
40033
40025
40020
40019
40008
39988
39981
39980
39977
39974
39970
39966
39958
39956
39952
39942
39934
39928
39916
39916
39903
39859
39854
39849
39794
39777
39765
39760
39755
39744
39743
39734
39726
39716
39710
39706
39695
39692
39655
39648
39637
39624
39620
39620
39610
39603
39583
39550
39550
39550
39548
39541
39539
39528
39525
39521
39520
39518
39510
39509
39479
39478
39471
39471
39457
39453
39450
39437
39436
39418
39415
39410
39396
39388
39380
39379
39373
39363
39354
39343
39337
39335
39325
39322
39321
39320
39318
39316
39315
39294
39262
39195
39195
39183
39168
39166
39158
39128
39121
39084
39082
39071
39046
39042
39038
39034
39028
39025
39016
39002
38989
38962
38951
38940
38924
38920
38913
38896
38893
38888
38883
38879
38860
38853
38850
38836
38836
38818
38811
38809
38803
38792
38766
38765
38745
38745
38741
38722
38714
38663
38657
38655
38648
38642
38626
38624
38624
38611
38592
38591
38578
38576
38576
38572
38561
38546
38523
38510
38507
38487
38468
38467
38457
38433
38416
38416
38412
38409
38406
38388
38385
38381
38374
38359
38358
38357
38336
38334
38333
38312
38288
38286
38266
38262
38261
38256
38222
38215
38206
38203
38203
38181
38180
38163
38147
38129
38118
38113
38108
38090
38084
38079
38051
38051
38041
38039
38033
38020
38003
37988
37979
37965
37953
37938
37923
37919
37918
37914
37912
37910
37905
37903
37898
37891
37891
37887
37884
37880
37879
37871
37871
37871
37869
37863
37857
37846
37844
37843
37839
37838
37831
37807
37801
37750
37748
37731
37722
37720
37719
37718
37714
37689
37675
37672
37670
37645
37643
37626
37599
37589
37572
37571
37568
37553
37546
37537
37529
37529
37525
37521
37519
37518
37512
37511
37498
37487
37480
37477
37471
37471
37468
37467
37450
37449
37439
37426
37407
37380
37378
37377
37354
37349
37331
37316
37315
37306
37284
37283
37268
37232
37228
37201
37194
37185
37182
37169
37162
37159
37133
37132
37126
37124
37116
37111
37094
37085
37082
37081
37073
37065
37057
37037
37031
37028
37009
37008
37002
36975
36968
36962
36957
36954
36935
36934
36934
36908
36908
36900
36887
36885
36869
36827
36818
36754
36752
36746
36721
36710
36668
36655
36639
36636
36633
36616
36600
36584
36577
36568
36564
36558
36549
36518
36507
36499
36492
36477
36472
36467
36440
36415
36403
36398
36396
36334
36315
36310
36285
36279
36268
36261
36242
36211
36200
36200
36176
36168
36165
36141
36124
36119
36115
36112
36066
36052
36050
36043
36029
36013
35999
35998
35993
35976
35956
35954
35954
35950
35936
35930
35927
35918
35893
35889
35878
35877
35869
35868
35865
35854
35843
35841
35836
35813
35784
35746
35742
35740
35738
35728
35728
35701
35693
35692
35682
35681
35673
35670
35668
35665
35660
35659
35649
35641
35636
35633
35624
35608
35601
35592
35585
35585
35580
35574
35560
35541
35534
35530
35522
35509
35492
35490
35484
35483
35474
35450
35428
35428
35424
35406
35405
35369
35357
35355
35349
35347
35343
35338
35302
35281
35246
35242
35238
35233
35227
35225
35216
35213
35209
35208
35168
35162
35160
35157
35146
35143
35125
35122
35111
35097
35088
35088
35083
35075
35066
35057
35055
35051
35046
35040
35039
35021
35018
35018
35006
35002
34990
34989
34983
34972
34942
34940
34933
34920
34887
34886
34885
34876
34870
34865
34858
34847
34833
34830
34830
34818
34802
34797
34784
34781
34773
34762
34758
34718
34713
34690
34684
34681
34675
34664
34634
34632
34628
34610
34573
34573
34559
34551
34545
34542
34518
34514
34489
34464
34464
34463
34457
34449
34418
34418
34409
34379
34349
34343
34327
34320
34316
34307
34298
34295
34290
34283
34280
34270
34270
34270
34263
34260
34245
34229
34213
34202
34199
34197
34177
34170
34145
34138
34132
34110
34101
34099
34097
34079
34078
34073
34049
34045
34012
34009
34002
33987
33986
33971
33964
33955
33929
33912
33908
33903
33891
33884
33883
33879
33877
33876
33870
33865
33865
33851
33849
33789
33774
33769
33764
33751
33724
33716
33712
33691
33685
33649
33645
33618
33612
33610
33607
33594
33575
33566
33541
33514
33505
33496
33496
33487
33476
33449
33446
33442
33434
33428
33419
33405
33383
33381
33373
33368
33351
33341
33323
33314
33308
33307
33302
33295
33269
33263
33256
33252
33252
33248
33240
33209
33207
33207
33201
33183
33174
33159
33142
33136
33136
33130
33119
33109
33104
33085
33076
33070
33067
33065
33065
33060
33057
33051
33027
33016
33008
32993
32968
32946
32931
32927
32925
32922
32912
32881
32879
32878
32871
32868
32859
32855
32854
32843
32832
32830
32811
32810
32798
32787
32780
32766
32764
32742
32729
32721
32701
32701
32701
32700
32677
32651
32639
32614
32605
32599
32587
32578
32560
32559
32541
32538
32517
32516
32513
32504
32488
32458
32449
32445
32440
32425
32419
32415
32406
32389
32389
32363
32343
32324
32322
32319
32316
32314
32307
32272
32257
32243
32242
32211
32205
32202
32191
32168
32167
32148
32147
32140
32118
32116
32103
32099
32077
32070
32069
32067
32053
32004
31998
31984
31964
31962
31962
31934
31934
31927
31909
31885
31872
31856
31856
31854
31853
31818
31817
31816
31810
31805
31804
31794
31782
31768
31762
31739
31682
31679
31678
31666
31657
31648
31644
31629
31628
31614
31605
31566
31536
31524
31518
31510
31485
31482
31481
31460
31458
31448
31407
31403
31379
31378
31374
31362
31347
31345
31342
31316
31311
31304
31294
31287
31284
31270
31268
31254
31252
31231
31217
31209
31205
31197
31169
31162
31146
31123
31116
31116
31114
31113
31106
31088
31087
31068
31043
31027
31025
31014
31012
31009
31006
31005
30975
30971
30955
30949
30946
30915
30910
30896
30895
30889
30875
30872
30852
30847
30847
30842
30830
30815
30815
30801
30800
30794
30792
30787
30784
30780
30772
30772
30742
30708
30694
30656
30652
30645
30643
30641
30623
30616
30611
30609
30588
30582
30547
30542
30534
30524
30521
30516
30504
30495
30460
30459
30455
30453
30450
30450
30446
30446
30442
30437
30432
30410
30404
30381
30374
30368
30367
30327
30320
30303
30296
30279
30248
30242
30241
30240
30234
30233
30232
30218
30204
30159
30155
30147
30143
30125
30107
30099
30087
30033
30029
30017
30011
30001
29947
29944
29941
29941
29929
29928
29926
29919
29918
29913
29912
29911
29911
29863
29861
29856
29850
29848
29839
29827
29813
29803
29796
29780
29767
29766
29763
29740
29735
29726
29723
29721
29717
29711
29702
29685
29678
29666
29658
29656
29647
29637
29623
29617
29615
29597
29585
29567
29566
29561
29560
29551
29550
29543
29530
29522
29519
29519
29516
29500
29499
29496
29492
29462
29456
29447
29442
29432
29394
29392
29385
29377
29345
29330
29329
29327
29313
29309
29297
29284
29277
29263
29257
29222
29220
29210
29206
29195
29156
29149
29136
29132
29120
29120
29104
29104
29090
29073
29059
29043
29040
29038
29036
29024
28996
28994
28992
28980
28979
28977
28960
28956
28946
28936
28932
28917
28886
28878
28878
28877
28875
28844
28835
28821
28819
28818
28808
28796
28792
28771
28767
28761
28734
28724
28718
28711
28704
28677
28675
28670
28633
28632
28618
28607
28603
28596
28596
28583
28568
28539
28522
28490
28486
28482
28472
28437
28437
28428
28425
28416
28412
28405
28401
28399
28398
28391
28365
28350
28346
28335
28331
28316
28309
28309
28309
28290
28283
28272
28266
28265
28257
28256
28233
28231
28223
28222
28215
28200
28197
28195
28194
28165
28141
28140
28121
28106
28101
28078
28051
28034
28011
27997
27985
27985
27982
27972
27967
27960
27950
27921
27918
27909
27908
27893
27891
27884
27882
27875
27868
27852
27850
27841
27835
27833
27824
27812
27806
27804
27803
27801
27781
27753
27714
27696
27661
27635
27623
27622
27615
27614
27608
27599
27592
27592
27570
27565
27538
27511
27503
27503
27492
27490
27479
27478
27465
27441
27439
27424
27422
27400
27387
27376
27357
27329
27323
27323
27318
27311
27295
27266
27264
27263
27259
27247
27232
27227
27223
27193
27179
27173
27170
27154
27150
27145
27144
27139
27135
27119
27090
27056
27041
27041
27015
27013
27009
26991
26971
26970
26969
26959
26936
26935
26914
26910
26904
26904
26892
26877
26865
26852
26850
26829
26822
26820
26801
26789
26787
26783
26774
26747
26747
26726
26713
26713
26712
26701
26686
26685
26684
26683
26671
26666
26664
26658
26611
26582
26576
26575
26549
26537
26534
26524
26521
26517
26510
26510
26509
26502
26498
26495
26494
26482
26475
26469
26461
26432
26428
26428
26428
26428
26426
26426
26404
26395
26368
26362
26361
26347
26337
26328
26316
26312
26303
26296
26295
26295
26276
26274
26262
26238
26223
26219
26216
26207
26187
26180
26175
26163
26156
26138
26114
26106
26105
26093
26084
26078
26059
26042
26038
26020
26018
25985
25974
25966
25935
25931
25928
25891
25875
25872
25846
25843
25825
25816
25815
25805
25802
25801
25799
25794
25777
25771
25771
25770
25770
25764
25752
25717
25695
25680
25668
25652
25651
25649
25638
25630
25626
25625
25622
25621
25620
25618
25604
25594
25591
25575
25560
25549
25541
25538
25536
25528
25525
25515
25513
25491
25461
25457
25431
25427
25423
25395
25378
25373
25368
25358
25347
25345
25328
25320
25306
25282
25278
25274
25249
25239
25236
25231
25207
25207
25191
25190
25156
25153
25149
25126
25117
25077
25074
25062
25049
25048
25043
25026
25016
25013
25004
24990
24976
24968
24967
24953
24951
24933
24926
24925
24922
24919
24918
24910
24904
24895
24860
24857
24829
24828
24827
24823
24821
24814
24807
24806
24806
24801
24795
24789
24775
24774
24764
24742
24731
24730
24679
24677
24672
24659
24644
24632
24621
24619
24618
24603
24597
24593
24587
24585
24571
24567
24553
24544
24543
24541
24541
24522
24507
24493
24476
24457
24443
24427
24426
24404
24396
24393
24388
24383
24376
24374
24352
24316
24314
24306
24291
24291
24284
24282
24273
24265
24251
24239
24237
24236
24198
24180
24169
24158
24154
24139
24130
24130
24119
24118
24112
24102
24091
24089
24084
24073
24070
24058
24021
23997
23978
23964
23956
23954
23934
23930
23929
23923
23923
23902
23899
23893
23885
23882
23877
23877
23862
23861
23856
23849
23838
23825
23822
23813
23812
23810
23793
23783
23780
23780
23779
23775
23772
23766
23759
23745
23715
23704
23695
23678
23677
23670
23658
23655
23637
23634
23633
23609
23588
23571
23560
23557
23556
23547
23543
23531
23526
23525
23523
23516
23514
23508
23507
23505
23503
23484
23458
23457
23457
23456
23456
23442
23441
23436
23436
23435
23419
23418
23413
23392
23370
23349
23335
23332
23322
23310
23304
23304
23290
23290
23283
23283
23283
23278
23271
23269
23262
23242
23239
23234
23224
23217
23209
23196
23180
23178
23114
23112
23105
23079
23070
23053
23043
23040
23039
23036
23027
23011
23002
23000
23000
22969
22960
22956
22947
22892
22848
22840
22836
22836
22827
22826
22824
22823
22819
22810
22796
22770
22767
22755
22749
22733
22723
22718
22709
22695
22692
22680
22680
22673
22657
22653
22639
22626
22625
22623
22606
22601
22599
22582
22559
22553
22536
22532
22521
22520
22516
22506
22496
22482
22466
22461
22456
22444
22442
22411
22399
22388
22381
22373
22349
22341
22339
22314
22313
22307
22307
22306
22266
22239
22235
22229
22227
22201
22201
22199
22190
22188
22181
22167
22140
22130
22128
22126
22107
22095
22023
22018
22014
22000
21975
21970
21951
21935
21921
21884
21882
21879
21844
21841
21813
21802
21801
21799
21798
21797
21777
21746
21745
21738
21730
21692
21684
21661
21644
21621
21613
21607
21599
21592
21580
21566
21563
21561
21557
21533
21530
21528
21527
21486
21458
21455
21428
21428
21426
21425
21425
21423
21417
21412
21408
21396
21390
21376
21375
21365
21363
21350
21347
21339
21335
21302
21296
21282
21276
21243
21218
21187
21183
21171
21170
21142
21140
21131
21106
21105
21096
21073
21071
21055
21046
21021
21019
21019
21018
21006
20982
20979
20956
20953
20922
20908
20906
20906
20901
20895
20883
20883
20882
20877
20869
20861
20848
20827
20822
20810
20796
20771
20768
20748
20707
20692
20682
20666
20650
20642
20612
20604
20598
20583
20581
20579
20573
20572
20565
20560
20555
20545
20536
20531
20523
20518
20507
20500
20484
20472
20469
20466
20463
20452
20437
20405
20403
20399
20396
20393
20388
20382
20378
20371
20367
20367
20362
20350
20339
20329
20328
20328
20315
20295
20290
20285
20274
20274
20241
20227
20213
20207
20207
20191
20182
20173
20147
20142
20138
20133
20131
20131
20118
20116
20102
20094
20035
20035
20030
20003
19983
19977
19975
19970
19917
19905
19903
19885
19876
19864
19860
19858
19852
19842
19829
19797
19796
19793
19775
19771
19764
19762
19760
19752
19751
19748
19715
19712
19702
19686
19663
19659
19658
19656
19654
19648
19642
19622
19604
19581
19579
19576
19572
19570
19565
19560
19557
19551
19542
19541
19539
19536
19522
19503
19487
19477
19470
19464
19452
19450
19423
19407
19407
19395
19383
19377
19366
19334
19333
19322
19315
19313
19312
19309
19275
19264
19232
19221
19220
19218
19217
19214
19210
19202
19199
19196
19179
19169
19161
19156
19152
19128
19101
19090
19080
19071
19025
19025
19021
19017
19005
18993
18988
18944
18914
18908
18901
18900
18836
18829
18799
18799
18794
18787
18787
18764
18745
18743
18739
18726
18726
18709
18703
18700
18689
18673
18670
18665
18659
18651
18615
18609
18602
18585
18581
18574
18563
18550
18549
18523
18507
18505
18486
18481
18477
18463
18457
18454
18420
18358
18337
18335
18325
18316
18316
18303
18298
18291
18271
18262
18258
18255
18220
18212
18202
18170
18154
18153
18142
18139
18124
18121
18116
18112
18109
18096
18089
18069
18061
18039
18037
18035
18035
18031
18013
18011
18008
18007
17999
17998
17987
17985
17966
17931
17930
17924
17920
17907
17898
17893
17887
17886
17873
17863
17853
17845
17843
17823
17821
17820
17815
17802
17772
17771
17766
17764
17764
17759
17737
17722
17713
17699
17695
17690
17688
17677
17676
17652
17647
17633
17626
17607
17598
17595
17594
17593
17590
17590
17571
17569
17565
17557
17557
17541
17538
17537
17526
17523
17506
17501
17501
17479
17470
17464
17464
17430
17425
17423
17407
17384
17375
17371
17369
17360
17354
17346
17325
17315
17286
17272
17271
17265
17262
17262
17258
17254
17241
17224
17194
17189
17186
17177
17167
17166
17154
17149
17137
17137
17122
17121
17106
17088
17080
17074
17071
17037
17033
17030
17023
17021
17009
16992
16974
16957
16932
16926
16916
16899
16894
16894
16890
16885
16868
16865
16854
16848
16813
16796
16780
16763
16748
16744
16737
16692
16635
16580
16578
16573
16567
16564
16555
16542
16539
16539
16510
16508
16507
16498
16468
16463
16457
16452
16444
16443
16443
16432
16417
16417
16408
16391
16391
16377
16365
16359
16351
16342
16336
16333
16315
16311
16305
16297
16295
16286
16285
16264
16232
16231
16223
16222
16193
16167
16150
16148
16137
16059
16045
16030
16027
16024
16015
15989
15970
15949
15934
15926
15891
15890
15883
15881
15880
15877
15874
15873
15872
15868
15861
15854
15845
15826
15809
15806
15804
15786
15778
15776
15769
15768
15767
15734
15731
15729
15704
15694
15688
15646
15612
15610
15593
15591
15580
15572
15572
15571
15554
15543
15540
15533
15524
15507
15505
15492
15489
15488
15459
15450
15429
15428
15422
15421
15420
15404
15399
15398
15385
15379
15364
15351
15316
15314
15313
15303
15288
15274
15254
15254
15253
15251
15228
15211
15209
15204
15187
15185
15183
15178
15168
15163
15161
15151
15142
15129
15128
15123
15118
15094
15085
15070
15060
15047
15044
15042
15028
15027
15026
14994
14989
14986
14975
14970
14967
14963
14961
14935
14915
14915
14914
14914
14901
14881
14879
14852
14826
14806
14776
14760
14757
14751
14739
14722
14711
14711
14694
14683
14677
14670
14669
14644
14643
14622
14592
14589
14589
14586
14584
14582
14564
14557
14533
14507
14491
14490
14469
14461
14459
14455
14454
14451
14436
14404
14403
14372
14355
14349
14320
14313
14303
14246
14244
14221
14220
14196
14186
14156
14133
14122
14103
14098
14091
14080
14064
14055
14053
14053
14049
14031
14001
13985
13984
13970
13967
13966
13959
13951
13935
13932
13892
13880
13874
13847
13839
13830
13810
13808
13808
13801
13798
13769
13766
13757
13730
13716
13714
13698
13675
13646
13642
13614
13603
13602
13587
13586
13551
13545
13541
13538
13528
13512
13511
13511
13510
13499
13499
13472
13470
13464
13461
13445
13434
13431
13416
13406
13395
13382
13371
13358
13355
13354
13342
13327
13325
13318
13302
13292
13287
13280
13279
13246
13242
13213
13204
13189
13188
13156
13151
13144
13117
13116
13111
13103
13090
13056
13033
13021
13014
13006
12992
12974
12970
12969
12962
12962
12951
12948
12948
12946
12946
12941
12937
12916
12912
12903
12876
12876
12872
12854
12851
12843
12840
12836
12813
12799
12788
12776
12747
12737
12730
12706
12686
12681
12675
12669
12662
12654
12637
12631
12574
12568
12567
12565
12557
12531
12521
12517
12515
12515
12510
12507
12503
12487
12474
12473
12473
12442
12441
12406
12403
12401
12397
12394
12382
12362
12351
12350
12349
12339
12299
12281
12269
12267
12264
12263
12242
12242
12231
12230
12151
12146
12133
12129
12123
12105
12084
12077
12064
12061
12053
12052
12046
12044
12024
12021
12020
12017
11998
11993
11992
11989
11983
11981
11956
11949
11949
11938
11922
11918
11893
11889
11851
11824
11804
11800
11797
11792
11782
11761
11760
11755
11754
11749
11745
11737
11736
11734
11718
11670
11633
11619
11618
11614
11589
11568
11554
11507
11496
11495
11495
11494
11481
11470
11463
11448
11446
11440
11436
11422
11418
11410
11395
11386
11377
11370
11362
11361
11346
11342
11338
11337
11323
11310
11302
11283
11253
11252
11240
11224
11215
11214
11212
11206
11204
11181
11179
11161
11156
11145
11144
11113
11088
11065
11048
11030
11024
10995
10987
10982
10975
10957
10955
10947
10938
10931
10915
10913
10892
10880
10879
10877
10875
10873
10868
10862
10861
10851
10840
10835
10834
10800
10794
10782
10771
10763
10745
10741
10735
10724
10717
10715
10679
10670
10667
10661
10650
10648
10647
10608
10593
10593
10591
10585
10578
10540
10535
10505
10504
10504
10503
10488
10486
10465
10455
10454
10425
10413
10404
10397
10387
10378
10377
10364
10360
10346
10317
10317
10309
10239
10231
10212
10204
10202
10183
10172
10163
10158
10140
10134
10116
10113
10107
10105
10088
10072
10060
10035
10013
10003
9993
9990
9984
9974
9967
9928
9925
9920
9919
9919
9918
9913
9876
9852
9845
9830
9810
9803
9791
9788
9756
9748
9724
9715
9714
9689
9689
9683
9669
9667
9651
9650
9642
9637
9635
9627
9619
9618
9617
9605
9591
9574
9571
9568
9557
9535
9512
9505
9475
9469
9469
9441
9441
9430
9424
9403
9392
9369
9343
9324
9284
9265
9245
9235
9229
9216
9184
9137
9135
9134
9109
9105
9092
9091
9068
9060
9049
9041
9031
9017
9014
8993
8984
8984
8946
8936
8935
8930
8924
8920
8912
8906
8899
8899
8893
8891
8887
8885
8884
8879
8865
8842
8827
8816
8802
8799
8795
8780
8772
8723
8712
8701
8690
8652
8630
8624
8621
8598
8580
8579
8570
8562
8556
8556
8554
8545
8527
8510
8488
8485
8467
8456
8448
8432
8428
8427
8408
8406
8400
8399
8394
8385
8383
8376
8375
8365
8352
8337
8293
8284
8269
8237
8236
8229
8216
8195
8194
8188
8170
8160
8156
8142
8132
8068
8066
8063
8049
8044
8035
8025
8014
8005
8003
7976
7969
7965
7937
7933
7933
7924
7921
7896
7885
7866
7860
7834
7828
7822
7821
7818
7808
7799
7795
7784
7783
7781
7774
7765
7752
7748
7732
7728
7726
7692
7691
7690
7689
7676
7661
7659
7658
7624
7617
7617
7583
7514
7513
7510
7479
7472
7471
7460
7454
7449
7438
7434
7434
7414
7402
7359
7348
7339
7320
7293
7290
7274
7265
7264
7260
7259
7250
7240
7240
7239
7228
7206
7202
7195
7193
7192
7190
7157
7157
7149
7122
7111
7098
7098
7088
7083
7076
7071
7049
7044
7040
7037
7011
6994
6990
6982
6971
6965
6961
6945
6935
6928
6925
6919
6912
6905
6904
6900
6884
6883
6869
6855
6839
6836
6831
6817
6798
6767
6753
6747
6747
6744
6732
6731
6731
6727
6722
6705
6702
6702
6691
6684
6674
6667
6644
6634
6631
6625
6623
6605
6600
6595
6587
6553
6521
6518
6512
6511
6510
6509
6505
6460
6458
6455
6449
6447
6427
6420
6419
6415
6414
6405
6355
6349
6336
6324
6322
6314
6270
6259
6249
6242
6240
6233
6214
6209
6188
6181
6164
6161
6153
6137
6128
6126
6120
6110
6110
6107
6095
6092
6064
6055
6054
6046
6044
6033
6022
6011
5998
5993
5990
5964
5935
5928
5921
5917
5916
5905
5903
5886
5881
5878
5875
5875
5870
5845
5843
5842
5819
5819
5814
5810
5796
5793
5775
5746
5743
5740
5739
5738
5714
5713
5708
5697
5694
5692
5689
5688
5668
5666
5646
5618
5604
5601
5586
5563
5531
5502
5492
5482
5476
5473
5468
5461
5447
5424
5400
5399
5395
5386
5373
5370
5353
5351
5332
5330
5327
5322
5320
5305
5304
5296
5279
5263
5246
5238
5227
5226
5212
5197
5194
5182
5176
5168
5153
5151
5150
5127
5126
5110
5106
5086
5056
5037
5015
5014
5009
4998
4996
4979
4972
4970
4952
4945
4942
4934
4915
4906
4904
4903
4902
4899
4893
4876
4845
4830
4819
4815
4788
4758
4745
4744
4726
4711
4703
4702
4700
4692
4689
4689
4664
4627
4623
4622
4617
4603
4581
4565
4561
4546
4538
4536
4530
4528
4518
4508
4504
4493
4492
4483
4463
4460
4448
4441
4435
4434
4426
4393
4390
4369
4360
4342
4338
4331
4312
4301
4300
4299
4296
4289
4287
4273
4271
4269
4258
4220
4212
4205
4174
4173
4168
4152
4111
4105
4082
4080
4077
4070
4069
4068
4068
4067
4054
4054
4051
4043
4039
4034
4012
3993
3989
3982
3974
3970
3967
3965
3964
3961
3959
3946
3944
3925
3903
3891
3880
3867
3838
3811
3810
3799
3796
3774
3762
3750
3740
3736
3716
3715
3695
3694
3683
3678
3673
3673
3649
3646
3645
3637
3633
3632
3609
3607
3605
3565
3563
3544
3530
3528
3519
3502
3492
3488
3485
3484
3471
3462
3438
3421
3418
3417
3416
3400
3394
3384
3383
3376
3368
3355
3353
3336
3336
3335
3322
3310
3298
3294
3286
3257
3255
3253
3248
3244
3240
3230
3208
3200
3196
3190
3183
3181
3166
3131
3130
3130
3129
3122
3106
3075
3070
3069
3041
3034
3022
3018
3017
3008
2980
2956
2908
2902
2900
2896
2896
2878
2869
2867
2865
2864
2860
2852
2848
2840
2814
2803
2792
2779
2776
2767
2763
2734
2733
2732
2726
2722
2721
2715
2700
2683
2679
2663
2649
2649
2642
2640
2639
2620
2604
2593
2592
2555
2551
2547
2533
2526
2524
2516
2514
2513
2511
2495
2478
2472
2431
2394
2391
2366
2363
2332
2324
2322
2322
2320
2311
2301
2260
2254
2245
2234
2225
2215
2214
2207
2189
2183
2180
2162
2158
2145
2144
2141
2118
2096
2081
2078
2075
2044
2035
2005
2001
1998
1994
1994
1986
1976
1963
1961
1951
1944
1938
1933
1918
1917
1916
1890
1877
1875
1874
1868
1863
1861
1857
1853
1853
1853
1844
1842
1829
1820
1804
1801
1798
1796
1794
1783
1766
1765
1763
1759
1743
1735
1719
1711
1682
1681
1676
1643
1634
1622
1609
1596
1593
1585
1583
1578
1561
1561
1538
1525
1515
1507
1504
1484
1482
1470
1465
1451
1439
1416
1406
1385
1384
1381
1348
1344
1344
1339
1339
1336
1303
1289
1266
1240
1230
1223
1189
1189
1181
1169
1152
1147
1141
1141
1137
1133
1132
1131
1122
1117
1115
1114
1095
1092
1074
1066
1042
1042
1032
1024
1021
1020
1003
1001
1001
997
994
964
955
947
931
920
913
905
901
894
885
885
880
851
842
835
829
823
820
820
814
805
800
800
795
795
777
764
760
758
749
740
726
722
697
695
692
692
680
666
642
639
633
627
594
574
557
555
553
525
523
485
470
449
447
433
421
421
418
411
391
368
367
335
335
308
237
229
228
215
211
199
198
197
165
158
158
153
141
120
117
112
110
105
104
96
94
92
89
65
37
26
22
